22.05000	 2.489	 0.069	4.0962	0.0001	0.0031	0.0003	3.0893e-003	3.0893e-003	1.23206e-002
22.06667	 2.496	 0.074	4.0920	0.0002	0.0032	0.0004	3.2346e-003	3.2346e-003	1.28920e-002
22.08333	 2.507	 0.084	4.0877	0.0002	0.0034	0.0004	3.3867e-003	3.3867e-003	1.34922e-002
22.10000	 2.518	 0.093	4.0835	0.0003	0.0035	0.0004	3.5460e-003	3.5460e-003	1.41226e-002
22.11667	 2.529	 0.103	4.0792	0.0003	0.0037	0.0004	3.7128e-003	3.7128e-003	1.47848e-002
22.13333	 2.537	 0.109	4.0750	0.0004	0.0039	0.0005	3.8874e-003	3.8874e-003	1.54802e-002
22.15000	 2.550	 0.121	4.0708	0.0005	0.0041	0.0005	4.0702e-003	4.0702e-003	1.62104e-002
22.16667	 2.563	 0.132	4.0665	0.0005	0.0043	0.0005	4.2617e-003	4.2617e-003	1.69772e-002
22.18333	 2.575	 0.143	4.0623	0.0006	0.0045	0.0005	4.4621e-003	4.4621e-003	1.77824e-002
22.20000	 2.588	 0.154	4.0581	0.0007	0.0047	0.0006	4.6719e-003	4.6719e-003	1.86277e-002
22.21667	 2.600	 0.165	4.0539	0.0008	0.0049	0.0006	4.8917e-003	4.8917e-003	1.95151e-002
22.23333	 2.615	 0.178	4.0497	0.0009	0.0051	0.0006	5.1217e-003	5.1217e-003	2.04468e-002
22.25000	 2.629	 0.191	4.0455	0.0009	0.0054	0.0007	5.3626e-003	5.3626e-003	2.14247e-002
22.26667	 2.644	 0.204	4.0414	0.0010	0.0056	0.0007	5.6148e-003	5.6148e-003	2.24512e-002
22.28333	 2.658	 0.217	4.0372	0.0011	0.0059	0.0008	5.8789e-003	5.8789e-003	2.35287e-002
22.30000	 2.677	 0.234	4.0330	0.0012	0.0062	0.0008	6.1553e-003	6.1553e-003	2.46595e-002
22.31667	 2.691	 0.247	4.0288	0.0013	0.0064	0.0008	6.4448e-003	6.4448e-003	2.58463e-002
22.33333	 2.709	 0.263	4.0247	0.0015	0.0067	0.0009	6.7479e-003	6.7479e-003	2.70918e-002
22.35000	 2.726	 0.279	4.0205	0.0016	0.0071	0.0009	7.0653e-003	7.0653e-003	2.83988e-002
22.36667	 2.744	 0.295	4.0164	0.0017	0.0074	0.0010	7.3976e-003	7.3976e-003	2.97703e-002
22.38333	 2.763	 0.313	4.0123	0.0018	0.0075	0.0010	7.5274e-003	7.5274e-003	3.03305e-002
22.40000	 2.781	 0.329	4.0081	0.0020	0.0079	0.0011	7.9247e-003	7.9247e-003	3.19729e-002
22.41667	 2.802	 0.349	4.0040	0.0021	0.0084	0.0012	8.3943e-003	8.3943e-003	3.39123e-002
22.43333	 2.823	 0.368	3.9999	0.0022	0.0089	0.0012	8.8639e-003	8.8639e-003	3.58581e-002
22.45000	 2.845	 0.389	3.9958	0.0024	0.0094	0.0013	9.3575e-003	9.3575e-003	3.79077e-002
22.46667	 2.866	 0.408	3.9917	0.0026	0.0098	0.0014	9.8270e-003	9.8270e-003	3.98663e-002
22.48333	 2.890	 0.431	3.9876	0.0027	0.0104	0.0015	1.0369e-002	1.0369e-002	4.21248e-002
22.50000	 2.912	 0.451	3.9835	0.0029	0.0109	0.0016	1.0862e-002	1.0862e-002	4.41947e-002
22.51667	 2.934	 0.472	3.9794	0.0031	0.0114	0.0017	1.1356e-002	1.1356e-002	4.62714e-002
22.53333	 2.958	 0.494	3.9753	0.0033	0.0119	0.0018	1.1898e-002	1.1898e-002	4.85514e-002
22.55000	 2.982	 0.517	3.9713	0.0035	0.0124	0.0019	1.2440e-002	1.2440e-002	5.08388e-002
22.56667	 3.006	 0.539	3.9672	0.0037	0.0130	0.0020	1.2981e-002	1.2981e-002	5.31336e-002
22.58333	 3.032	 0.564	3.9631	0.0040	0.0136	0.0021	1.3571e-002	1.3571e-002	5.56331e-002
22.60000	 3.059	 0.589	3.9591	0.0042	0.0142	0.0022	1.4185e-002	1.4185e-002	5.82395e-002
22.61667	 3.085	 0.614	3.9550	0.0044	0.0148	0.0023	1.4775e-002	1.4775e-002	6.07551e-002
22.63333	 3.114	 0.641	3.9510	0.0047	0.0154	0.0024	1.5437e-002	1.5437e-002	6.35760e-002
22.65000	 3.141	 0.667	3.9469	0.0050	0.0160	0.0025	1.6051e-002	1.6051e-002	6.62071e-002
22.66667	 3.171	 0.695	3.9429	0.0052	0.0167	0.0027	1.6737e-002	1.6737e-002	6.91447e-002
22.68333	 3.201	 0.724	3.9389	0.0055	0.0174	0.0028	1.7423e-002	1.7423e-002	7.20913e-002
22.70000	 3.233	 0.754	3.9349	0.0058	0.0182	0.0030	1.8158e-002	1.8158e-002	7.52464e-002
22.71667	 3.267	 0.787	3.9308	0.0061	0.0189	0.0031	1.8940e-002	1.8940e-002	7.86107e-002
22.73333	 3.297	 0.816	3.9268	0.0065	0.0196	0.0033	1.9626e-002	1.9626e-002	8.15850e-002
22.75000	 3.332	 0.849	3.9228	0.0068	0.0204	0.0034	2.0433e-002	2.0433e-002	8.50690e-002
22.76667	 3.366	 0.882	3.9188	0.0072	0.0212	0.0036	2.1215e-002	2.1215e-002	8.84629e-002
22.78333	 3.399	 0.913	3.9148	0.0075	0.0220	0.0038	2.1974e-002	2.1974e-002	9.17662e-002
22.80000	 3.434	 0.947	3.9109	0.0079	0.0228	0.0039	2.2780e-002	2.2780e-002	9.52803e-002
22.81667	 3.470	 0.981	3.9069	0.0083	0.0236	0.0041	2.3611e-002	2.3611e-002	9.89052e-002
22.83333	 3.508	 1.018	3.9029	0.0087	0.0245	0.0043	2.4489e-002	2.4489e-002	1.02742e-001
22.85000	 3.546	 1.054	3.8989	0.0091	0.0254	0.0045	2.5368e-002	2.5368e-002	1.06590e-001
22.86667	 3.586	 1.093	3.8950	0.0096	0.0263	0.0047	2.6295e-002	2.6295e-002	1.10651e-001
22.88333	 3.627	 1.132	3.8910	0.0100	0.0272	0.0049	2.7246e-002	2.7246e-002	1.14825e-001
22.90000	 3.667	 1.171	3.8871	0.0105	0.0282	0.0051	2.8173e-002	2.8173e-002	1.18908e-001
22.91667	 3.709	 1.211	3.8831	0.0110	0.0291	0.0054	2.9148e-002	2.9148e-002	1.23206e-001
22.93333	 3.752	 1.253	3.8792	0.0115	0.0301	0.0056	3.0147e-002	3.0147e-002	1.27618e-001
22.95000	 3.795	 1.294	3.8753	0.0120	0.0311	0.0058	3.1146e-002	3.1146e-002	1.32041e-001
22.96667	 3.838	 1.336	3.8713	0.0125	0.0321	0.0061	3.2145e-002	3.2145e-002	1.36476e-001
22.98333	 3.883	 1.379	3.8674	0.0131	0.0332	0.0063	3.3192e-002	3.3192e-002	1.41127e-001
23.00000	 3.931	 1.426	3.8635	0.0137	0.0343	0.0066	3.4311e-002	3.4311e-002	1.46097e-001
23.01667	 3.976	 1.469	3.8596	0.0143	0.0353	0.0069	3.5358e-002	3.5358e-002	1.50772e-001
23.03333	 4.024	 1.516	3.8557	0.0149	0.0365	0.0071	3.6478e-002	3.6478e-002	1.55768e-001
23.05000	 4.074	 1.564	3.8518	0.0155	0.0376	0.0074	3.7645e-002	3.7645e-002	1.60982e-001
23.06667	 4.124	 1.613	3.8479	0.0161	0.0388	0.0077	3.8813e-002	3.8813e-002	1.66209e-001
23.08333	 4.173	 1.660	3.8440	0.0168	0.0399	0.0080	3.9956e-002	3.9956e-002	1.71347e-001
23.10000	 4.225	 1.711	3.8401	0.0175	0.0412	0.0084	4.1172e-002	4.1172e-002	1.76807e-001
23.11667	 4.277	 1.761	3.8362	0.0182	0.0424	0.0087	4.2387e-002	4.2387e-002	1.82280e-001
23.13333	 4.331	 1.814	3.8323	0.0189	0.0436	0.0090	4.3651e-002	4.3651e-002	1.87975e-001
23.15000	 4.386	 1.867	3.8285	0.0197	0.0449	0.0094	4.4939e-002	4.4939e-002	1.93787e-001
23.16667	 4.441	 1.921	3.8246	0.0204	0.0462	0.0097	4.6227e-002	4.6227e-002	1.99613e-001
23.18333	 4.498	 1.976	3.8208	0.0212	0.0475	0.0101	4.7563e-002	4.7563e-002	2.05661e-001
23.20000	 4.552	 2.029	3.8169	0.0220	0.0488	0.0105	4.8826e-002	4.8826e-002	2.11412e-001
23.21667	 4.610	 2.085	3.8131	0.0229	0.0502	0.0108	5.0187e-002	5.0187e-002	2.17593e-001
23.23333	 4.668	 2.142	3.8092	0.0237	0.0515	0.0112	5.1547e-002	5.1547e-002	2.23790e-001
23.25000	 4.726	 2.198	3.8054	0.0246	0.0529	0.0116	5.2907e-002	5.2907e-002	2.30001e-001
23.26667	 4.785	 2.256	3.8015	0.0255	0.0543	0.0121	5.4291e-002	5.4291e-002	2.36332e-001
23.28333	 4.847	 2.316	3.7977	0.0265	0.0557	0.0125	5.5747e-002	5.5747e-002	2.42992e-001
23.30000	 4.907	 2.375	3.7939	0.0274	0.0571	0.0129	5.7155e-002	5.7155e-002	2.49458e-001
23.31667	 4.970	 2.436	3.7901	0.0284	0.0586	0.0134	5.8635e-002	5.8635e-002	2.56255e-001
23.33333	 5.032	 2.497	3.7863	0.0294	0.0601	0.0138	6.0092e-002	6.0092e-002	2.62962e-001
23.35000	 5.094	 2.557	3.7825	0.0304	0.0615	0.0143	6.1548e-002	6.1548e-002	2.69685e-001
23.36667	 5.162	 2.624	3.7787	0.0315	0.0631	0.0148	6.3149e-002	6.3149e-002	2.77057e-001
23.38333	 5.224	 2.684	3.7749	0.0325	0.0646	0.0152	6.4605e-002	6.4605e-002	2.83812e-001
23.40000	 5.291	 2.750	3.7711	0.0336	0.0662	0.0158	6.6182e-002	6.6182e-002	2.91112e-001
23.41667	 5.357	 2.814	3.7673	0.0348	0.0677	0.0163	6.7734e-002	6.7734e-002	2.98322e-001
23.43333	 5.424	 2.880	3.7635	0.0359	0.0693	0.0168	6.9311e-002	6.9311e-002	3.05656e-001
23.45000	 5.490	 2.944	3.7597	0.0371	0.0708	0.0173	7.0863e-002	7.0863e-002	3.12900e-001
23.46667	 5.559	 3.012	3.7560	0.0383	0.0725	0.0179	7.2488e-002	7.2488e-002	3.20480e-001
23.48333	 5.627	 3.079	3.7522	0.0396	0.0741	0.0184	7.4089e-002	7.4089e-002	3.27971e-001
23.50000	 5.697	 3.147	3.7484	0.0408	0.0757	0.0190	7.5738e-002	7.5738e-002	3.35692e-001
23.51667	 5.768	 3.217	3.7447	0.0421	0.0774	0.0196	7.7411e-002	7.7411e-002	3.43537e-001
23.53333	 5.839	 3.286	3.7409	0.0434	0.0791	0.0202	7.9083e-002	7.9083e-002	3.51401e-001
23.55000	 5.911	 3.357	3.7372	0.0448	0.0808	0.0208	8.0780e-002	8.0780e-002	3.59389e-001
23.56667	 5.984	 3.428	3.7334	0.0461	0.0825	0.0214	8.2501e-002	8.2501e-002	3.67503e-001
23.58333	 6.056	 3.499	3.7297	0.0475	0.0842	0.0221	8.4198e-002	8.4198e-002	3.75528e-001
23.60000	 6.129	 3.570	3.7260	0.0490	0.0859	0.0227	8.5919e-002	8.5919e-002	3.83678e-001
23.61667	 6.203	 3.643	3.7222	0.0504	0.0876	0.0234	8.7664e-002	8.7664e-002	3.91954e-001
23.63333	 6.278	 3.716	3.7185	0.0519	0.0894	0.0240	8.9434e-002	8.9434e-002	4.00357e-001
23.65000	 6.353	 3.790	3.7148	0.0534	0.0912	0.0247	9.1203e-002	9.1203e-002	4.08778e-001
23.66667	 6.426	 3.861	3.7111	0.0550	0.0929	0.0254	9.2924e-002	9.2924e-002	4.17002e-001
23.68333	 6.501	 3.935	3.7074	0.0566	0.0947	0.0261	9.4693e-002	9.4693e-002	4.25461e-001
23.70000	 6.580	 4.012	3.7037	0.0582	0.0965	0.0269	9.6558e-002	9.6558e-002	4.34372e-001
23.71667	 6.657	 4.088	3.7000	0.0598	0.0983	0.0276	9.8376e-002	9.8376e-002	4.43085e-001
23.73333	 6.733	 4.162	3.6963	0.0615	0.1001	0.0283	1.0017e-001	1.0017e-001	4.51709e-001
23.75000	 6.812	 4.240	3.6926	0.0632	0.1020	0.0291	1.0203e-001	1.0203e-001	4.60679e-001
23.76667	 6.892	 4.318	3.6889	0.0649	0.1039	0.0299	1.0392e-001	1.0392e-001	4.69776e-001
23.78333	 6.968	 4.393	3.6852	0.0667	0.1057	0.0307	1.0572e-001	1.0572e-001	4.78458e-001
23.80000	 7.047	 4.470	3.6815	0.0685	0.1076	0.0315	1.0758e-001	1.0758e-001	4.87486e-001
23.81667	 7.125	 4.547	3.6778	0.0703	0.1094	0.0323	1.0942e-001	1.0942e-001	4.96424e-001
23.83333	 7.207	 4.627	3.6742	0.0722	0.1113	0.0331	1.1136e-001	1.1136e-001	5.05819e-001
23.85000	 7.286	 4.705	3.6705	0.0740	0.1132	0.0340	1.1323e-001	1.1323e-001	5.14906e-001
23.86667	 7.364	 4.781	3.6669	0.0760	0.1150	0.0348	1.1507e-001	1.1507e-001	5.23902e-001
23.88333	 7.443	 4.859	3.6632	0.0779	0.1169	0.0357	1.1693e-001	1.1693e-001	5.33027e-001
23.90000	 7.525	 4.939	3.6595	0.0799	0.1188	0.0366	1.1887e-001	1.1887e-001	5.42501e-001
23.91667	 7.604	 5.017	3.6559	0.0819	0.1207	0.0375	1.2074e-001	1.2074e-001	5.51666e-001
23.93333	 7.687	 5.098	3.6523	0.0839	0.1227	0.0384	1.2270e-001	1.2270e-001	5.61289e-001
23.95000	 7.767	 5.177	3.6486	0.0860	0.1246	0.0393	1.2459e-001	1.2459e-001	5.70602e-001
23.96667	 7.847	 5.255	3.6450	0.0881	0.1264	0.0403	1.2648e-001	1.2648e-001	5.79935e-001
23.98333	 7.930	 5.337	3.6414	0.0903	0.1284	0.0412	1.2844e-001	1.2844e-001	5.89617e-001
24.00000	 8.010	 5.415	3.6377	0.0924	0.1303	0.0422	1.3033e-001	1.3033e-001	5.98988e-001
24.01667	 8.093	 5.497	3.6341	0.0946	0.1323	0.0432	1.3229e-001	1.3229e-001	6.08710e-001
24.03333	 8.172	 5.574	3.6305	0.0969	0.1341	0.0442	1.3416e-001	1.3416e-001	6.18008e-001
24.05000	 8.254	 5.655	3.6269	0.0991	0.1361	0.0452	1.3609e-001	1.3609e-001	6.27657e-001
24.06667	 8.337	 5.736	3.6233	0.1014	0.1380	0.0462	1.3805e-001	1.3805e-001	6.37437e-001
24.08333	 8.418	 5.816	3.6197	0.1038	0.1399	0.0472	1.3997e-001	1.3997e-001	6.47014e-001
24.10000	 8.499	 5.895	3.6161	0.1061	0.1418	0.0483	1.4188e-001	1.4188e-001	6.56609e-001
24.11667	 8.581	 5.976	3.6125	0.1085	0.1438	0.0493	1.4382e-001	1.4382e-001	6.66334e-001
24.13333	 8.664	 6.057	3.6089	0.1110	0.1457	0.0504	1.4578e-001	1.4578e-001	6.76189e-001
24.15000	 8.745	 6.137	3.6053	0.1134	0.1477	0.0515	1.4769e-001	1.4769e-001	6.85839e-001
24.16667	 8.828	 6.218	3.6017	0.1159	0.1496	0.0526	1.4966e-001	1.4966e-001	6.95731e-001
24.18333	 8.909	 6.298	3.5981	0.1184	0.1515	0.0537	1.5157e-001	1.5157e-001	7.05418e-001
24.20000	 8.991	 6.378	3.5945	0.1210	0.1535	0.0549	1.5351e-001	1.5351e-001	7.15234e-001
24.21667	 9.073	 6.459	3.5910	0.1236	0.1554	0.0560	1.5545e-001	1.5545e-001	7.25068e-001
24.23333	 9.154	 6.538	3.5874	0.1262	0.1573	0.0572	1.5736e-001	1.5736e-001	7.34808e-001
24.25000	 9.233	 6.616	3.5838	0.1289	0.1592	0.0583	1.5922e-001	1.5922e-001	7.44340e-001
24.26667	 9.313	 6.695	3.5803	0.1315	0.1611	0.0595	1.6111e-001	1.6111e-001	7.54001e-001
24.28333	 9.394	 6.774	3.5767	0.1343	0.1630	0.0607	1.6303e-001	1.6303e-001	7.63791e-001
24.30000	 9.476	 6.855	3.5732	0.1370	0.1649	0.0620	1.6496e-001	1.6496e-001	7.73711e-001
24.31667	 9.555	 6.932	3.5696	0.1398	0.1668	0.0632	1.6683e-001	1.6683e-001	7.83309e-001
24.33333	 9.634	 7.010	3.5661	0.1426	0.1686	0.0644	1.6870e-001	1.6870e-001	7.92923e-001
24.35000	 9.711	 7.085	3.5625	0.1454	0.1705	0.0656	1.7051e-001	1.7051e-001	8.02326e-001
24.36667	 9.789	 7.162	3.5590	0.1483	0.1723	0.0669	1.7235e-001	1.7235e-001	8.11857e-001
24.38333	 9.866	 7.237	3.5554	0.1512	0.1741	0.0681	1.7417e-001	1.7417e-001	8.21290e-001
24.40000	 9.944	 7.314	3.5519	0.1542	0.1760	0.0694	1.7601e-001	1.7601e-001	8.30852e-001
24.41667	10.022	 7.390	3.5484	0.1571	0.1778	0.0707	1.7785e-001	1.7785e-001	8.40428e-001
24.43333	10.099	 7.466	3.5449	0.1601	0.1796	0.0720	1.7967e-001	1.7967e-001	8.49904e-001
24.45000	10.176	 7.541	3.5413	0.1631	0.1814	0.0733	1.8149e-001	1.8149e-001	8.59395e-001
24.46667	10.250	 7.614	3.5378	0.1662	0.1832	0.0746	1.8323e-001	1.8323e-001	8.68558e-001
24.48333	10.328	 7.690	3.5343	0.1693	0.1850	0.0760	1.8508e-001	1.8508e-001	8.78190e-001
24.50000	10.401	 7.762	3.5308	0.1724	0.1867	0.0773	1.8680e-001	1.8680e-001	8.87265e-001
24.51667	10.475	 7.834	3.5273	0.1755	0.1885	0.0787	1.8854e-001	1.8854e-001	8.96466e-001
24.53333	10.551	 7.909	3.5238	0.1787	0.1903	0.0801	1.9033e-001	1.9033e-001	9.05909e-001
24.55000	10.623	 7.979	3.5203	0.1819	0.1920	0.0815	1.9203e-001	1.9203e-001	9.14907e-001
24.56667	10.695	 8.050	3.5168	0.1851	0.1937	0.0828	1.9373e-001	1.9373e-001	9.23916e-001
24.58333	10.767	 8.120	3.5133	0.1884	0.1954	0.0842	1.9543e-001	1.9543e-001	9.32936e-001
24.60000	10.839	 8.191	3.5098	0.1917	0.1971	0.0857	1.9712e-001	1.9712e-001	9.41967e-001
24.61667	10.907	 8.257	3.5063	0.1950	0.1987	0.0870	1.9872e-001	1.9872e-001	9.50550e-001
24.63333	10.975	 8.324	3.5028	0.1983	0.2003	0.0885	2.0032e-001	2.0032e-001	9.59142e-001
24.65000	11.041	 8.388	3.4994	0.2017	0.2018	0.0899	2.0188e-001	2.0188e-001	9.67513e-001
24.66667	11.111	 8.457	3.4959	0.2051	0.2035	0.0913	2.0353e-001	2.0353e-001	9.76356e-001
24.68333	11.177	 8.521	3.4924	0.2085	0.2050	0.0928	2.0508e-001	2.0508e-001	9.84746e-001
24.70000	11.244	 8.587	3.4889	0.2119	0.2066	0.0942	2.0665e-001	2.0665e-001	9.93261e-001
24.71667	11.308	 8.649	3.4855	0.2154	0.2081	0.0957	2.0816e-001	2.0816e-001	1.00144e+000
24.73333	11.373	 8.713	3.4820	0.2189	0.2096	0.0971	2.0969e-001	2.0969e-001	1.00974e+000
24.75000	11.437	 8.775	3.4786	0.2224	0.2111	0.0986	2.1119e-001	2.1119e-001	1.01793e+000
24.76667	11.499	 8.836	3.4751	0.2259	0.2126	0.1001	2.1265e-001	2.1265e-001	1.02590e+000
24.78333	11.563	 8.898	3.4717	0.2295	0.2141	0.1016	2.1415e-001	2.1415e-001	1.03411e+000
24.80000	11.623	 8.957	3.4682	0.2331	0.2155	0.1031	2.1556e-001	2.1556e-001	1.04186e+000
24.81667	11.681	 9.013	3.4648	0.2367	0.2169	0.1046	2.1692e-001	2.1692e-001	1.04938e+000
24.83333	11.743	 9.074	3.4613	0.2404	0.2183	0.1061	2.1838e-001	2.1838e-001	1.05738e+000
24.85000	11.801	 9.130	3.4579	0.2440	0.2197	0.1076	2.1974e-001	2.1974e-001	1.06491e+000
24.86667	11.859	 9.187	3.4544	0.2477	0.2210	0.1091	2.2110e-001	2.2110e-001	1.07246e+000
24.88333	11.912	 9.238	3.4510	0.2514	0.2223	0.1106	2.2234e-001	2.2234e-001	1.07942e+000
24.90000	11.967	 9.292	3.4476	0.2551	0.2236	0.1121	2.2362e-001	2.2362e-001	1.08662e+000
24.91667	12.022	 9.345	3.4441	0.2589	0.2248	0.1137	2.2491e-001	2.2491e-001	1.09383e+000
24.93333	12.073	 9.395	3.4407	0.2626	0.2260	0.1152	2.2610e-001	2.2610e-001	1.10057e+000
24.95000	12.126	 9.446	3.4373	0.2664	0.2273	0.1167	2.2734e-001	2.2734e-001	1.10755e+000
24.96667	12.175	 9.494	3.4339	0.2702	0.2284	0.1183	2.2849e-001	2.2849e-001	1.11407e+000
24.98333	12.223	 9.540	3.4305	0.2741	0.2295	0.1198	2.2961e-001	2.2961e-001	1.12047e+000
25.00000	12.273	 9.589	3.4270	0.2779	0.2307	0.1213	2.3077e-001	2.3077e-001	1.12711e+000
25.01667	12.319	 9.634	3.4236	0.2818	0.2318	0.1229	2.3185e-001	2.3185e-001	1.13328e+000
25.03333	12.366	 9.679	3.4202	0.2857	0.2329	0.1244	2.3294e-001	2.3294e-001	1.13957e+000
25.05000	12.410	 9.722	3.4168	0.2896	0.2339	0.1259	2.3396e-001	2.3396e-001	1.14551e+000
25.06667	12.454	 9.764	3.4134	0.2935	0.2349	0.1275	2.3499e-001	2.3499e-001	1.15146e+000
25.08333	12.497	 9.806	3.4100	0.2974	0.2359	0.1290	2.3599e-001	2.3599e-001	1.15728e+000
25.10000	12.541	 9.848	3.4066	0.3014	0.2369	0.1306	2.3701e-001	2.3701e-001	1.16323e+000
25.11667	12.580	 9.886	3.4032	0.3053	0.2378	0.1321	2.3791e-001	2.3791e-001	1.16859e+000
25.13333	12.620	 9.924	3.3998	0.3093	0.2388	0.1337	2.3884e-001	2.3884e-001	1.17406e+000
25.15000	12.659	 9.962	3.3965	0.3133	0.2397	0.1352	2.3974e-001	2.3974e-001	1.17942e+000
25.16667	12.696	 9.997	3.3931	0.3173	0.2405	0.1368	2.4060e-001	2.4060e-001	1.18454e+000
25.18333	12.733	10.033	3.3897	0.3213	0.2414	0.1383	2.4145e-001	2.4145e-001	1.18966e+000
25.20000	12.766	10.064	3.3863	0.3254	0.2421	0.1399	2.4221e-001	2.4221e-001	1.19431e+000
25.21667	12.799	10.096	3.3829	0.3294	0.2429	0.1414	2.4297e-001	2.4297e-001	1.19896e+000
25.23333	12.831	10.126	3.3795	0.3335	0.2436	0.1429	2.4370e-001	2.4370e-001	1.20349e+000
25.25000	12.858	10.152	3.3762	0.3375	0.2442	0.1444	2.4432e-001	2.4432e-001	1.20742e+000
25.26667	12.888	10.180	3.3728	0.3416	0.2449	0.1459	2.4500e-001	2.4500e-001	1.21170e+000
25.28333	12.919	10.210	3.3694	0.3457	0.2456	0.1475	2.4571e-001	2.4571e-001	1.21611e+000
25.30000	12.945	10.234	3.3661	0.3498	0.2462	0.1490	2.4630e-001	2.4630e-001	1.22372e+000
25.31667	12.971	10.259	3.3627	0.3539	0.2468	0.1505	2.4689e-001	2.4689e-001	1.22372e+000
25.33333	12.995	10.281	3.3594	0.3581	0.2474	0.1520	2.4743e-001	2.4743e-001	1.22728e+000
25.35000	13.020	10.305	3.3560	0.3622	0.2479	0.1536	2.4800e-001	2.4800e-001	1.23096e+000
25.36667	13.044	10.327	3.3526	0.3663	0.2485	0.1551	2.4854e-001	2.4854e-001	1.23452e+000
25.38333	13.067	10.349	3.3493	0.3705	0.2490	0.1566	2.4906e-001	2.4906e-001	1.23796e+000
25.40000	13.088	10.368	3.3459	0.3746	0.2495	0.1581	2.4953e-001	2.4953e-001	1.24116e+000
25.41667	13.109	10.388	3.3426	0.3788	0.2499	0.1596	2.5000e-001	2.5000e-001	1.24435e+000
25.43333	13.127	10.404	3.3392	0.3830	0.2503	0.1611	2.5040e-001	2.5040e-001	1.24718e+000
25.45000	13.144	10.420	3.3359	0.3871	0.2507	0.1626	2.5077e-001	2.5077e-001	1.24988e+000
25.46667	13.159	10.433	3.3326	0.3913	0.2510	0.1641	2.5109e-001	2.5109e-001	1.25234e+000
25.48333	13.176	10.449	3.3292	0.3955	0.2514	0.1656	2.5147e-001	2.5147e-001	1.25504e+000
25.50000	13.190	10.461	3.3259	0.3997	0.2517	0.1671	2.5177e-001	2.5177e-001	1.25737e+000
25.51667	13.201	10.471	3.3225	0.4039	0.2519	0.1685	2.5200e-001	2.5200e-001	1.25934e+000
25.53333	13.213	10.481	3.3192	0.4081	0.2522	0.1700	2.5225e-001	2.5225e-001	1.26142e+000
25.55000	13.221	10.488	3.3159	0.4123	0.2523	0.1714	2.5241e-001	2.5241e-001	1.26302e+000
25.56667	13.232	10.497	3.3126	0.4165	0.2526	0.1729	2.5264e-001	2.5264e-001	1.26497e+000
25.58333	13.238	10.502	3.3092	0.4207	0.2527	0.1743	2.5274e-001	2.5274e-001	1.26632e+000
25.60000	13.246	10.508	3.3059	0.4250	0.2528	0.1757	2.5290e-001	2.5290e-001	1.26790e+000
25.61667	13.250	10.511	3.3026	0.4292	0.2529	0.1771	2.5296e-001	2.5296e-001	1.26899e+000
25.63333	13.257	10.516	3.2993	0.4334	0.2530	0.1786	2.5309e-001	2.5309e-001	1.27044e+000
25.65000	13.260	10.518	3.2960	0.4376	0.2531	0.1800	2.5313e-001	2.5313e-001	1.27140e+000
25.66667	13.262	10.518	3.2926	0.4418	0.2531	0.1814	2.5314e-001	2.5314e-001	1.27224e+000
25.68333	13.264	10.519	3.2893	0.4460	0.2531	0.1828	2.5315e-001	2.5315e-001	1.27306e+000
25.70000	13.264	10.517	3.2860	0.4503	0.2530	0.1841	2.5312e-001	2.5312e-001	1.27385e+000
25.71667	13.261	10.513	3.2827	0.4545	0.2529	0.1855	2.5301e-001	2.5301e-001	1.27385e+000
25.73333	13.260	10.510	3.2794	0.4587	0.2529	0.1868	2.5295e-001	2.5295e-001	1.27429e+000
25.75000	13.257	10.506	3.2761	0.4629	0.2528	0.1882	2.5284e-001	2.5284e-001	1.27448e+000
25.76667	13.252	10.500	3.2728	0.4671	0.2526	0.1895	2.5269e-001	2.5269e-001	1.27443e+000
25.78333	13.247	10.493	3.2695	0.4713	0.2525	0.1908	2.5253e-001	2.5253e-001	1.27436e+000
25.80000	13.239	10.484	3.2662	0.4755	0.2522	0.1921	2.5230e-001	2.5230e-001	1.27393e+000
25.81667	13.232	10.475	3.2629	0.4797	0.2520	0.1934	2.5210e-001	2.5210e-001	1.27360e+000
25.83333	13.223	10.465	3.2596	0.4839	0.2518	0.1947	2.5185e-001	2.5185e-001	1.27303e+000
25.85000	13.212	10.452	3.2563	0.4881	0.2515	0.1959	2.5154e-001	2.5154e-001	1.27220e+000
25.86667	13.202	10.441	3.2530	0.4923	0.2512	0.1972	2.5127e-001	2.5127e-001	1.27149e+000
25.88333	13.190	10.427	3.2497	0.4965	0.2509	0.1985	2.5094e-001	2.5094e-001	1.27053e+000
25.90000	13.176	10.412	3.2464	0.5006	0.2505	0.1997	2.5057e-001	2.5057e-001	1.26931e+000
25.91667	13.163	10.397	3.2431	0.5048	0.2501	0.2009	2.5022e-001	2.5022e-001	1.26821e+000
25.93333	13.148	10.381	3.2398	0.5090	0.2498	0.2021	2.4983e-001	2.4983e-001	1.26685e+000
25.95000	13.132	10.363	3.2366	0.5131	0.2493	0.2033	2.4940e-001	2.4940e-001	1.26536e+000
25.96667	13.115	10.345	3.2333	0.5173	0.2489	0.2045	2.4896e-001	2.4896e-001	1.26374e+000
25.98333	13.098	10.326	3.2300	0.5214	0.2484	0.2057	2.4851e-001	2.4851e-001	1.26212e+000
26.00000	13.076	10.303	3.2267	0.5256	0.2479	0.2068	2.4795e-001	2.4795e-001	1.25987e+000
26.01667	13.055	10.280	3.2234	0.5297	0.2473	0.2079	2.4741e-001	2.4741e-001	1.25546e+000
26.03333	13.033	10.257	3.2202	0.5338	0.2468	0.2090	2.4684e-001	2.4684e-001	1.25546e+000
26.05000	13.013	10.235	3.2169	0.5379	0.2463	0.2101	2.4633e-001	2.4633e-001	1.25342e+000
26.06667	12.990	10.211	3.2136	0.5420	0.2457	0.2112	2.4574e-001	2.4574e-001	1.25101e+000
26.08333	12.966	10.185	3.2103	0.5461	0.2451	0.2123	2.4512e-001	2.4512e-001	1.24847e+000
26.10000	12.944	10.162	3.2071	0.5501	0.2445	0.2134	2.4456e-001	2.4456e-001	1.24616e+000
26.11667	12.918	10.134	3.2038	0.5542	0.2438	0.2144	2.4390e-001	2.4390e-001	1.24334e+000
26.13333	12.893	10.108	3.2005	0.5583	0.2432	0.2154	2.4326e-001	2.4326e-001	1.24065e+000
26.15000	12.865	10.078	3.1973	0.5623	0.2425	0.2164	2.4255e-001	2.4255e-001	1.23757e+000
26.16667	12.837	10.049	3.1940	0.5663	0.2418	0.2174	2.4184e-001	2.4184e-001	1.23448e+000
26.18333	12.809	10.019	3.1907	0.5704	0.2411	0.2184	2.4113e-001	2.4113e-001	1.23138e+000
26.20000	12.778	 9.987	3.1875	0.5744	0.2403	0.2194	2.4035e-001	2.4035e-001	1.22790e+000
26.21667	12.749	 9.956	3.1842	0.5783	0.2395	0.2203	2.3961e-001	2.3961e-001	1.22465e+000
26.23333	12.718	 9.924	3.1810	0.5823	0.2388	0.2213	2.3883e-001	2.3883e-001	1.22115e+000
26.25000	12.687	 9.891	3.1777	0.5863	0.2380	0.2222	2.3805e-001	2.3805e-001	1.21763e+000
26.26667	12.655	 9.858	3.1745	0.5902	0.2372	0.2231	2.3724e-001	2.3724e-001	1.21399e+000
26.28333	12.623	 9.824	3.1712	0.5942	0.2364	0.2240	2.3644e-001	2.3644e-001	1.20690e+000
26.30000	12.593	 9.793	3.1679	0.5981	0.2356	0.2250	2.3568e-001	2.3568e-001	1.20690e+000
26.31667	12.560	 9.758	3.1647	0.6020	0.2348	0.2259	2.3485e-001	2.3485e-001	1.20310e+000
26.33333	12.525	 9.722	3.1614	0.6059	0.2339	0.2267	2.3397e-001	2.3397e-001	1.19903e+000
26.35000	12.492	 9.687	3.1582	0.6098	0.2331	0.2276	2.3314e-001	2.3314e-001	1.19520e+000
26.36667	12.459	 9.653	3.1549	0.6137	0.2322	0.2285	2.3231e-001	2.3231e-001	1.19136e+000
26.38333	12.422	 9.614	3.1517	0.6175	0.2313	0.2293	2.3139e-001	2.3139e-001	1.18702e+000
26.40000	12.388	 9.579	3.1484	0.6214	0.2305	0.2302	2.3053e-001	2.3053e-001	1.18303e+000
26.41667	12.352	 9.541	3.1452	0.6252	0.2296	0.2310	2.2963e-001	2.2963e-001	1.17879e+000
26.43333	12.318	 9.506	3.1419	0.6290	0.2287	0.2319	2.2878e-001	2.2878e-001	1.17478e+000
26.45000	12.281	 9.467	3.1387	0.6328	0.2278	0.2327	2.2785e-001	2.2785e-001	1.17039e+000
26.46667	12.245	 9.430	3.1355	0.6366	0.2269	0.2335	2.2695e-001	2.2695e-001	1.16611e+000
26.48333	12.206	 9.389	3.1322	0.6404	0.2259	0.2342	2.2597e-001	2.2597e-001	1.16145e+000
26.50000	12.166	 9.348	3.1290	0.6441	0.2249	0.2349	2.2497e-001	2.2497e-001	1.15665e+000
26.51667	12.130	 9.311	3.1257	0.6478	0.2240	0.2358	2.2407e-001	2.2407e-001	1.15234e+000
26.53333	12.089	 9.268	3.1225	0.6516	0.2230	0.2364	2.2305e-001	2.2305e-001	1.14294e+000
26.55000	12.052	 9.230	3.1193	0.6553	0.2221	0.2372	2.2212e-001	2.2212e-001	1.14294e+000
26.56667	12.011	 9.187	3.1160	0.6589	0.2210	0.2379	2.2110e-001	2.2110e-001	1.13797e+000
26.58333	11.974	 9.149	3.1128	0.6626	0.2201	0.2387	2.2017e-001	2.2017e-001	1.13349e+000
26.60000	11.932	 9.105	3.1095	0.6663	0.2191	0.2393	2.1913e-001	2.1913e-001	1.12838e+000
26.61667	11.892	 9.064	3.1063	0.6699	0.2181	0.2400	2.1813e-001	2.1813e-001	1.12350e+000
26.63333	11.850	 9.020	3.1031	0.6735	0.2170	0.2406	2.1708e-001	2.1708e-001	1.11837e+000
26.65000	11.808	 8.977	3.0998	0.6771	0.2160	0.2413	2.1604e-001	2.1604e-001	1.11322e+000
26.66667	11.765	 8.932	3.0966	0.6807	0.2149	0.2419	2.1496e-001	2.1496e-001	1.10794e+000
26.68333	11.721	 8.887	3.0934	0.6843	0.2138	0.2424	2.1387e-001	2.1387e-001	1.10253e+000
26.70000	11.680	 8.844	3.0901	0.6878	0.2128	0.2431	2.1285e-001	2.1285e-001	1.09747e+000
26.71667	11.636	 8.799	3.0869	0.6913	0.2117	0.2436	2.1175e-001	2.1175e-001	1.09204e+000
26.73333	11.593	 8.754	3.0837	0.6948	0.2106	0.2442	2.1068e-001	2.1068e-001	1.08671e+000
26.75000	11.550	 8.710	3.0804	0.6983	0.2096	0.2448	2.0961e-001	2.0961e-001	1.08138e+000
26.76667	11.507	 8.665	3.0772	0.7018	0.2085	0.2454	2.0854e-001	2.0854e-001	1.07069e+000
26.78333	11.464	 8.621	3.0740	0.7053	0.2074	0.2459	2.0747e-001	2.0747e-001	1.07069e+000
26.80000	11.421	 8.576	3.0708	0.7087	0.2063	0.2465	2.0640e-001	2.0640e-001	1.06532e+000
26.81667	11.376	 8.530	3.0675	0.7121	0.2052	0.2470	2.0528e-001	2.0528e-001	1.05970e+000
26.83333	11.334	 8.486	3.0643	0.7155	0.2042	0.2475	2.0423e-001	2.0423e-001	1.05445e+000
26.85000	11.288	 8.439	3.0611	0.7189	0.2030	0.2480	2.0309e-001	2.0309e-001	1.04868e+000
26.86667	11.244	 8.393	3.0578	0.7223	0.2019	0.2485	2.0200e-001	2.0200e-001	1.04316e+000
26.88333	11.199	 8.347	3.0546	0.7256	0.2008	0.2490	2.0088e-001	2.0088e-001	1.03750e+000
26.90000	11.155	 8.301	3.0514	0.7289	0.1997	0.2494	1.9978e-001	1.9978e-001	1.03196e+000
26.91667	11.108	 8.253	3.0482	0.7323	0.1986	0.2498	1.9862e-001	1.9862e-001	1.02603e+000
26.93333	11.062	 8.205	3.0449	0.7355	0.1974	0.2503	1.9747e-001	1.9747e-001	1.02022e+000
26.95000	11.015	 8.157	3.0417	0.7388	0.1962	0.2506	1.9631e-001	1.9631e-001	1.01428e+000
26.96667	10.968	 8.108	3.0385	0.7421	0.1951	0.2510	1.9514e-001	1.9514e-001	1.00833e+000
26.98333	10.923	 8.062	3.0353	0.7453	0.1940	0.2514	1.9402e-001	1.9402e-001	1.00262e+000
27.00000	10.876	 8.013	3.0320	0.7485	0.1928	0.2518	1.9285e-001	1.9285e-001	9.90810e-001
27.01667	10.830	 7.966	3.0288	0.7517	0.1917	0.2521	1.9171e-001	1.9171e-001	9.90810e-001
27.03333	10.787	 7.921	3.0256	0.7549	0.1906	0.2526	1.9064e-001	1.9064e-001	9.85327e-001
27.05000	10.740	 7.873	3.0224	0.7580	0.1894	0.2529	1.8947e-001	1.8947e-001	9.79339e-001
27.06667	10.695	 7.826	3.0191	0.7612	0.1883	0.2533	1.8835e-001	1.8835e-001	9.73592e-001
27.08333	10.650	 7.780	3.0159	0.7643	0.1872	0.2537	1.8723e-001	1.8723e-001	9.67839e-001
27.10000	10.605	 7.733	3.0127	0.7674	0.1861	0.2540	1.8612e-001	1.8612e-001	9.62079e-001
27.11667	10.556	 7.683	3.0095	0.7705	0.1848	0.2543	1.8490e-001	1.8490e-001	9.55814e-001
27.13333	10.509	 7.634	3.0063	0.7735	0.1837	0.2545	1.8373e-001	1.8373e-001	9.49792e-001
27.15000	10.462	 7.586	3.0030	0.7766	0.1825	0.2548	1.8257e-001	1.8257e-001	9.43764e-001
27.16667	10.414	 7.536	2.9998	0.7796	0.1813	0.2550	1.8138e-001	1.8138e-001	9.37605e-001
27.18333	10.363	 7.484	2.9966	0.7826	0.1801	0.2551	1.8011e-001	1.8011e-001	9.31067e-001
27.20000	10.313	 7.432	2.9934	0.7856	0.1788	0.2553	1.7887e-001	1.7887e-001	9.24648e-001
27.21667	10.264	 7.382	2.9901	0.7885	0.1776	0.2554	1.7766e-001	1.7766e-001	9.12043e-001
27.23333	10.215	 7.331	2.9869	0.7915	0.1764	0.2556	1.7644e-001	1.7644e-001	9.12043e-001
27.25000	10.166	 7.281	2.9837	0.7944	0.1752	0.2557	1.7523e-001	1.7523e-001	9.05733e-001
27.26667	10.119	 7.233	2.9805	0.7973	0.1740	0.2559	1.7406e-001	1.7406e-001	8.99666e-001
27.28333	10.070	 7.182	2.9773	0.8002	0.1728	0.2560	1.7285e-001	1.7285e-001	8.93346e-001
27.30000	10.026	 7.137	2.9740	0.8030	0.1717	0.2563	1.7175e-001	1.7175e-001	8.87643e-001
27.31667	 9.978	 7.087	2.9708	0.8059	0.1705	0.2564	1.7056e-001	1.7056e-001	8.81438e-001
27.33333	 9.933	 7.041	2.9676	0.8087	0.1694	0.2566	1.6944e-001	1.6944e-001	8.75602e-001
27.35000	 9.889	 6.995	2.9644	0.8115	0.1683	0.2568	1.6835e-001	1.6835e-001	8.69886e-001
27.36667	 9.845	 6.950	2.9611	0.8143	0.1672	0.2571	1.6725e-001	1.6725e-001	8.64167e-001
27.38333	 9.796	 6.899	2.9579	0.8171	0.1660	0.2571	1.6604e-001	1.6604e-001	8.57821e-001
27.40000	 9.751	 6.853	2.9547	0.8198	0.1649	0.2573	1.6492e-001	1.6492e-001	8.51970e-001
27.41667	 9.702	 6.802	2.9515	0.8225	0.1637	0.2573	1.6370e-001	1.6370e-001	8.45617e-001
27.43333	 9.655	 6.754	2.9482	0.8253	0.1625	0.2573	1.6254e-001	1.6254e-001	8.39510e-001
27.45000	 9.605	 6.702	2.9450	0.8279	0.1613	0.2573	1.6130e-001	1.6130e-001	8.26292e-001
27.46667	 9.553	 6.649	2.9418	0.8306	0.1600	0.2571	1.6001e-001	1.6001e-001	8.26292e-001
27.48333	 9.503	 6.597	2.9386	0.8333	0.1587	0.2570	1.5877e-001	1.5877e-001	8.19802e-001
27.50000	 9.453	 6.546	2.9353	0.8359	0.1575	0.2569	1.5753e-001	1.5753e-001	8.13310e-001
27.51667	 9.402	 6.493	2.9321	0.8385	0.1562	0.2568	1.5627e-001	1.5627e-001	8.06691e-001
27.53333	 9.351	 6.441	2.9289	0.8411	0.1550	0.2566	1.5500e-001	1.5500e-001	8.00070e-001
27.55000	 9.299	 6.387	2.9257	0.8436	0.1537	0.2564	1.5372e-001	1.5372e-001	7.93322e-001
27.56667	 9.246	 6.333	2.9224	0.8462	0.1524	0.2561	1.5241e-001	1.5241e-001	7.86447e-001
27.58333	 9.198	 6.283	2.9192	0.8487	0.1512	0.2560	1.5122e-001	1.5122e-001	7.80191e-001
27.60000	 9.150	 6.234	2.9160	0.8512	0.1500	0.2559	1.5002e-001	1.5002e-001	7.73933e-001
27.61667	 9.102	 6.184	2.9128	0.8537	0.1488	0.2557	1.4883e-001	1.4883e-001	7.67673e-001
27.63333	 9.056	 6.137	2.9095	0.8561	0.1476	0.2556	1.4769e-001	1.4769e-001	7.61659e-001
27.65000	 9.012	 6.091	2.9063	0.8586	0.1466	0.2556	1.4660e-001	1.4660e-001	7.55891e-001
27.66667	 8.966	 6.044	2.9031	0.8610	0.1454	0.2555	1.4545e-001	1.4545e-001	7.49873e-001
27.68333	 8.922	 5.998	2.8998	0.8634	0.1443	0.2555	1.4436e-001	1.4436e-001	7.38575e-001
27.70000	 8.880	 5.955	2.8966	0.8658	0.1433	0.2556	1.4331e-001	1.4331e-001	7.38575e-001
27.71667	 8.835	 5.908	2.8934	0.8681	0.1422	0.2555	1.4219e-001	1.4219e-001	7.32675e-001
27.73333	 8.790	 5.862	2.8901	0.8705	0.1410	0.2553	1.4107e-001	1.4107e-001	7.26773e-001
27.75000	 8.743	 5.813	2.8869	0.8728	0.1399	0.2551	1.3991e-001	1.3991e-001	7.20621e-001
27.76667	 8.698	 5.767	2.8837	0.8751	0.1387	0.2550	1.3879e-001	1.3879e-001	7.14716e-001
27.78333	 8.649	 5.716	2.8804	0.8774	0.1375	0.2546	1.3757e-001	1.3757e-001	7.08313e-001
27.80000	 8.602	 5.668	2.8772	0.8797	0.1364	0.2544	1.3641e-001	1.3641e-001	7.02156e-001
27.81667	 8.555	 5.619	2.8740	0.8820	0.1352	0.2541	1.3524e-001	1.3524e-001	6.95998e-001
27.83333	 8.505	 5.568	2.8707	0.8842	0.1340	0.2536	1.3400e-001	1.3400e-001	6.89467e-001
27.85000	 8.454	 5.515	2.8675	0.8864	0.1327	0.2531	1.3274e-001	1.3274e-001	6.82810e-001
27.86667	 8.405	 5.465	2.8642	0.8886	0.1315	0.2527	1.3152e-001	1.3152e-001	6.76400e-001
27.88333	 8.353	 5.411	2.8610	0.8908	0.1302	0.2521	1.3023e-001	1.3023e-001	6.69617e-001
27.90000	 8.304	 5.361	2.8578	0.8929	0.1290	0.2516	1.2902e-001	1.2902e-001	6.63204e-001
27.91667	 8.255	 5.310	2.8545	0.8950	0.1278	0.2511	1.2780e-001	1.2780e-001	6.50251e-001
27.93333	 8.205	 5.259	2.8513	0.8972	0.1265	0.2505	1.2656e-001	1.2656e-001	6.50251e-001
27.95000	 8.157	 5.209	2.8480	0.8992	0.1253	0.2500	1.2537e-001	1.2537e-001	6.43958e-001
27.96667	 8.112	 5.163	2.8448	0.9013	0.1242	0.2497	1.2425e-001	1.2425e-001	6.38034e-001
27.98333	 8.067	 5.116	2.8415	0.9034	0.1231	0.2493	1.2314e-001	1.2314e-001	6.32109e-001
28.00000	 8.025	 5.073	2.8383	0.9054	0.1221	0.2490	1.2209e-001	1.2209e-001	6.26552e-001
28.01667	 7.982	 5.029	2.8350	0.9074	0.1210	0.2487	1.2102e-001	1.2102e-001	6.20870e-001
28.03333	 7.942	 4.987	2.8318	0.9094	0.1200	0.2485	1.2002e-001	1.2002e-001	6.15557e-001
28.05000	 7.902	 4.946	2.8285	0.9114	0.1190	0.2483	1.1902e-001	1.1902e-001	6.10243e-001
28.06667	 7.865	 4.907	2.8253	0.9134	0.1181	0.2482	1.1810e-001	1.1810e-001	6.05296e-001
28.08333	 7.827	 4.868	2.8220	0.9153	0.1171	0.2480	1.1714e-001	1.1714e-001	6.00224e-001
28.10000	 7.790	 4.829	2.8188	0.9173	0.1162	0.2479	1.1622e-001	1.1622e-001	5.95272e-001
28.11667	 7.754	 4.792	2.8155	0.9192	0.1153	0.2478	1.1532e-001	1.1532e-001	5.90443e-001
28.13333	 7.717	 4.753	2.8123	0.9211	0.1144	0.2477	1.1439e-001	1.1439e-001	5.85487e-001
28.15000	 7.679	 4.714	2.8090	0.9230	0.1134	0.2475	1.1344e-001	1.1344e-001	5.80407e-001
28.16667	 7.644	 4.677	2.8058	0.9248	0.1125	0.2474	1.1256e-001	1.1256e-001	5.70486e-001
28.18333	 7.605	 4.637	2.8025	0.9267	0.1116	0.2471	1.1159e-001	1.1159e-001	5.70486e-001
28.20000	 7.569	 4.599	2.7992	0.9286	0.1107	0.2470	1.1068e-001	1.1068e-001	5.65646e-001
28.21667	 7.528	 4.557	2.7960	0.9304	0.1096	0.2465	1.0966e-001	1.0966e-001	5.60189e-001
28.23333	 7.488	 4.515	2.7927	0.9322	0.1086	0.2461	1.0866e-001	1.0866e-001	5.54853e-001
28.25000	 7.445	 4.471	2.7894	0.9340	0.1076	0.2456	1.0759e-001	1.0759e-001	5.49147e-001
28.26667	 7.404	 4.428	2.7862	0.9358	0.1065	0.2451	1.0657e-001	1.0657e-001	5.43686e-001
28.28333	 7.361	 4.384	2.7829	0.9375	0.1055	0.2444	1.0550e-001	1.0550e-001	5.37978e-001
28.30000	 7.318	 4.339	2.7796	0.9393	0.1044	0.2438	1.0443e-001	1.0443e-001	5.32270e-001
28.31667	 7.272	 4.292	2.7764	0.9410	0.1033	0.2429	1.0329e-001	1.0329e-001	5.26193e-001
28.33333	 7.231	 4.249	2.7731	0.9427	0.1022	0.2424	1.0226e-001	1.0226e-001	5.20729e-001
28.35000	 7.184	 4.201	2.7698	0.9444	0.1011	0.2414	1.0110e-001	1.0110e-001	5.14529e-001
28.36667	 7.137	 4.152	2.7665	0.9460	0.0999	0.2404	9.9930e-002	9.9930e-002	5.08329e-001
28.38333	 7.091	 4.105	2.7633	0.9477	0.0988	0.2395	9.8787e-002	9.8787e-002	5.02253e-001
28.40000	 7.045	 4.057	2.7600	0.9493	0.0976	0.2385	9.7644e-002	9.7644e-002	4.96177e-001
28.41667	 6.997	 4.008	2.7567	0.9509	0.0964	0.2374	9.6453e-002	9.6453e-002	4.89857e-001
28.43333	 6.948	 3.957	2.7534	0.9525	0.0952	0.2362	9.5238e-002	9.5238e-002	4.83417e-001
28.45000	 6.900	 3.908	2.7501	0.9541	0.0940	0.2350	9.4047e-002	9.4047e-002	4.70666e-001
28.46667	 6.851	 3.857	2.7469	0.9556	0.0928	0.2337	9.2832e-002	9.2832e-002	4.70666e-001
28.48333	 6.803	 3.808	2.7436	0.9571	0.0916	0.2325	9.1641e-002	9.1641e-002	4.64355e-001
28.50000	 6.754	 3.757	2.7403	0.9586	0.0904	0.2311	9.0426e-002	9.0426e-002	4.57924e-001
28.51667	 6.706	 3.708	2.7370	0.9601	0.0892	0.2298	8.9235e-002	8.9235e-002	4.51619e-001
28.53333	 6.658	 3.658	2.7337	0.9616	0.0880	0.2285	8.8044e-002	8.8044e-002	4.45318e-001
28.55000	 6.611	 3.610	2.7304	0.9630	0.0869	0.2272	8.6877e-002	8.6877e-002	4.39142e-001
28.56667	 6.568	 3.565	2.7271	0.9645	0.0858	0.2261	8.5806e-002	8.5806e-002	4.33457e-001
28.58333	 6.521	 3.517	2.7238	0.9659	0.0846	0.2247	8.4639e-002	8.4639e-002	4.27290e-001
28.60000	 6.474	 3.468	2.7205	0.9673	0.0834	0.2233	8.3472e-002	8.3472e-002	4.21128e-001
28.61667	 6.430	 3.423	2.7172	0.9686	0.0824	0.2220	8.2377e-002	8.2377e-002	4.15336e-001
28.63333	 6.387	 3.378	2.7139	0.9700	0.0813	0.2208	8.1307e-002	8.1307e-002	4.09670e-001
28.65000	 6.345	 3.335	2.7106	0.9713	0.0802	0.2196	8.0260e-002	8.0260e-002	4.04132e-001
28.66667	 6.304	 3.292	2.7073	0.9727	0.0792	0.2185	7.9237e-002	7.9237e-002	3.98722e-001
28.68333	 6.264	 3.251	2.7040	0.9740	0.0782	0.2174	7.8239e-002	7.8239e-002	3.93440e-001
28.70000	 6.226	 3.211	2.7007	0.9752	0.0773	0.2164	7.7289e-002	7.7289e-002	3.88407e-001
28.71667	 6.189	 3.173	2.6974	0.9765	0.0763	0.2154	7.6362e-002	7.6362e-002	3.83502e-001
28.73333	 6.153	 3.135	2.6941	0.9778	0.0754	0.2145	7.5460e-002	7.5460e-002	3.78726e-001
28.75000	 6.117	 3.098	2.6907	0.9790	0.0745	0.2136	7.4558e-002	7.4558e-002	3.73959e-001
28.76667	 6.081	 3.061	2.6874	0.9802	0.0736	0.2126	7.3656e-002	7.3656e-002	3.64090e-001
28.78333	 6.042	 3.020	2.6841	0.9815	0.0727	0.2114	7.2681e-002	7.2681e-002	3.64090e-001
28.80000	 6.001	 2.978	2.6808	0.9827	0.0716	0.2100	7.1659e-002	7.1659e-002	3.58751e-001
28.81667	 5.960	 2.935	2.6775	0.9838	0.0706	0.2086	7.0636e-002	7.0636e-002	3.53423e-001
28.83333	 5.912	 2.886	2.6741	0.9850	0.0694	0.2067	6.9445e-002	6.9445e-002	3.47265e-001
28.85000	 5.857	 2.829	2.6708	0.9861	0.0681	0.2042	6.8086e-002	6.8086e-002	3.40280e-001
28.86667	 5.799	 2.770	2.6675	0.9872	0.0666	0.2015	6.6654e-002	6.6654e-002	3.32950e-001
28.88333	 5.736	 2.705	2.6641	0.9883	0.0651	0.1983	6.5102e-002	6.5102e-002	3.25037e-001
28.90000	 5.664	 2.632	2.6608	0.9894	0.0633	0.1944	6.3333e-002	6.3333e-002	3.16060e-001
28.91667	 5.585	 2.551	2.6575	0.9904	0.0614	0.1899	6.1396e-002	6.1396e-002	3.06262e-001
28.93333	 5.495	 2.460	2.6541	0.9914	0.0592	0.1845	5.9194e-002	5.9194e-002	2.95165e-001
28.95000	 5.395	 2.358	2.6508	0.9923	0.0567	0.1782	5.6752e-002	5.6752e-002	2.82889e-001
28.96667	 5.290	 2.252	2.6474	0.9932	0.0542	0.1715	5.4189e-002	5.4189e-002	2.70036e-001
28.98333	 5.173	 2.133	2.6441	0.9941	0.0513	0.1637	5.1337e-002	5.1337e-002	2.55765e-001
29.00000	 5.045	 2.004	2.6407	0.9949	0.0482	0.1550	4.8221e-002	4.8221e-002	2.40197e-001
29.01667	 4.908	 1.865	2.6374	0.9956	0.0449	0.1454	4.4888e-002	4.4888e-002	2.23570e-001
29.03333	 4.764	 1.720	2.6340	0.9963	0.0414	0.1351	4.1387e-002	4.1387e-002	2.06123e-001
29.05000	 4.613	 1.567	2.6307	0.9970	0.0377	0.1241	3.7717e-002	3.7717e-002	1.87854e-001
29.06667	 4.461	 1.414	2.6273	0.9975	0.0340	0.1128	3.4023e-002	3.4023e-002	1.69477e-001
29.08333	 4.302	 1.253	2.6240	0.9980	0.0302	0.1008	3.0161e-002	3.0161e-002	1.50270e-001
29.10000	 4.147	 1.097	2.6206	0.9985	0.0264	0.0889	2.6394e-002	2.6394e-002	1.31548e-001
29.11667	 3.993	 0.941	2.6172	0.9988	0.0226	0.0769	2.2652e-002	2.2652e-002	1.12946e-001
29.13333	 3.843	 0.790	2.6139	0.9992	0.0190	0.0650	1.9006e-002	1.9006e-002	9.48195e-002
29.15000	 3.699	 0.644	2.6105	0.9994	0.0155	0.0534	1.5505e-002	1.5505e-002	7.74038e-002
29.16667	 3.566	 0.510	2.6071	0.9996	0.0123	0.0426	1.2268e-002	1.2268e-002	6.12954e-002
29.18333	 3.445	 0.387	2.6037	0.9998	0.0093	0.0326	9.3205e-003	9.3205e-003	3.33509e-002
29.20000	 3.336	 0.277	2.6004	0.9999	0.0067	0.0235	6.6614e-003	6.6614e-003	2.56418e-002
29.21667	 3.242	 0.181	2.5970	1.0000	0.0044	0.0155	4.3633e-003	4.3633e-003	8.12389e-003
29.23333	 3.166	 0.104	2.5943	1.0000	0.0025	0.0089	2.4984e-003	2.4984e-003	8.12389e-003