21.85000	 2.902	-0.038	4.1458	0.0000	0.0001	0.0000	1.4405e-004	1.4405e-004	5.92550e-004
21.86667	 2.942	-0.001	4.1437	0.0000	0.0002	0.0000	1.5118e-004	1.5118e-004	6.20495e-004
21.88333	 2.979	 0.039	4.1393	0.0000	0.0002	0.0000	1.5867e-004	1.5867e-004	6.49951e-004
21.90000	 3.015	 0.076	4.1350	0.0000	0.0002	0.0000	1.6652e-004	1.6652e-004	6.80993e-004
21.91667	 3.055	 0.111	4.1307	0.0000	0.0002	0.0000	1.7477e-004	1.7477e-004	6.80993e-004
21.93333	 3.092	 0.151	4.1264	0.0000	0.0002	0.0000	1.8342e-004	1.8342e-004	7.48162e-004
21.95000	 3.131	 0.187	4.1221	0.0000	0.0002	0.0000	1.9250e-004	1.9250e-004	7.84465e-004
21.96667	 3.167	 0.226	4.1178	0.0000	0.0002	0.0000	2.0204e-004	2.0204e-004	8.22702e-004
21.98333	 3.204	 0.262	4.1135	0.0000	0.0002	0.0000	2.1204e-004	2.1204e-004	8.62974e-004
22.00000	 3.240	 0.298	4.1093	0.0000	0.0002	0.0000	2.2254e-004	2.2254e-004	9.05383e-004
22.01667	 3.274	 0.334	4.1050	0.0000	0.0002	0.0000	2.3356e-004	2.3356e-004	9.50041e-004
22.03333	 3.305	 0.368	4.1007	0.0000	0.0003	0.0000	2.4512e-004	2.4512e-004	9.97060e-004
22.05000	 3.339	 0.398	4.0965	0.0000	0.0003	0.0000	2.5726e-004	2.5726e-004	1.04656e-003
22.06667	 3.370	 0.432	4.0922	0.0000	0.0003	0.0000	2.7000e-004	2.7000e-004	1.09868e-003
22.08333	 3.397	 0.462	4.0880	0.0001	0.0003	0.0000	2.8337e-004	2.8337e-004	1.15353e-003
22.10000	 3.422	 0.489	4.0837	0.0001	0.0003	0.0000	2.9740e-004	2.9740e-004	1.21127e-003
22.11667	 3.446	 0.514	4.0795	0.0001	0.0003	0.0000	3.1212e-004	3.1212e-004	1.27204e-003
22.13333	 3.470	 0.537	4.0753	0.0001	0.0003	0.0000	3.2758e-004	3.2758e-004	1.33600e-003
22.15000	 3.487	 0.561	4.0711	0.0001	0.0004	0.0000	3.4380e-004	3.4380e-004	1.40331e-003
22.16667	 3.504	 0.577	4.0668	0.0001	0.0004	0.0000	3.6082e-004	3.6082e-004	1.47413e-003
22.18333	 3.520	 0.594	4.0626	0.0001	0.0004	0.0000	3.7868e-004	3.7868e-004	1.54866e-003
22.20000	 3.531	 0.610	4.0584	0.0001	0.0004	0.0001	3.9744e-004	3.9744e-004	1.62707e-003
22.21667	 3.540	 0.620	4.0542	0.0001	0.0004	0.0001	4.1711e-004	4.1711e-004	1.70957e-003
22.23333	 3.548	 0.629	4.0501	0.0001	0.0005	0.0001	4.3777e-004	4.3777e-004	1.79636e-003
22.25000	 3.552	 0.637	4.0459	0.0001	0.0005	0.0001	4.5944e-004	4.5944e-004	1.88767e-003
22.26667	 3.556	 0.640	4.0417	0.0001	0.0005	0.0001	4.8219e-004	4.8219e-004	1.98371e-003
22.28333	 3.553	 0.644	4.0375	0.0001	0.0005	0.0001	5.0607e-004	5.0607e-004	2.08475e-003
22.30000	 3.551	 0.640	4.0334	0.0001	0.0005	0.0001	5.3112e-004	5.3112e-004	2.19102e-003
22.31667	 3.545	 0.638	4.0292	0.0002	0.0006	0.0001	5.5742e-004	5.5742e-004	2.30279e-003
22.33333	 3.539	 0.632	4.0251	0.0002	0.0006	0.0001	5.8502e-004	5.8502e-004	2.42035e-003
22.35000	 3.531	 0.625	4.0210	0.0002	0.0006	0.0001	6.1399e-004	6.1399e-004	2.54398e-003
22.36667	 3.517	 0.617	4.0168	0.0002	0.0007	0.0001	6.4439e-004	6.4439e-004	2.67400e-003
22.38333	 3.505	 0.602	4.0127	0.0002	0.0007	0.0001	6.7630e-004	6.7630e-004	2.81073e-003
22.40000	 3.492	 0.590	4.0086	0.0002	0.0007	0.0001	7.0978e-004	7.0978e-004	2.95451e-003
22.41667	 3.474	 0.577	4.0045	0.0002	0.0008	0.0001	7.4493e-004	7.4493e-004	3.10570e-003
22.43333	 3.458	 0.558	4.0003	0.0002	0.0008	0.0001	7.8181e-004	7.8181e-004	3.26467e-003
22.45000	 3.439	 0.542	3.9962	0.0002	0.0008	0.0001	8.2052e-004	8.2052e-004	3.43182e-003
22.46667	 3.419	 0.523	3.9921	0.0003	0.0009	0.0001	8.6115e-004	8.6115e-004	3.60757e-003
22.48333	 3.397	 0.502	3.9881	0.0003	0.0009	0.0001	9.0379e-004	9.0379e-004	3.79234e-003
22.50000	 3.376	 0.480	3.9840	0.0003	0.0010	0.0001	9.4854e-004	9.4854e-004	3.98660e-003
22.51667	 3.353	 0.458	3.9799	0.0003	0.0010	0.0002	9.9551e-004	9.9551e-004	4.19082e-003
22.53333	 3.327	 0.435	3.9758	0.0003	0.0011	0.0002	1.0448e-003	1.0448e-003	4.40551e-003
22.55000	 3.306	 0.409	3.9718	0.0003	0.0011	0.0002	1.0965e-003	1.0965e-003	4.63121e-003
22.56667	 3.282	 0.387	3.9677	0.0004	0.0012	0.0002	1.1508e-003	1.1508e-003	4.86847e-003
22.58333	 3.257	 0.363	3.9636	0.0004	0.0012	0.0002	1.2078e-003	1.2078e-003	5.11786e-003
22.60000	 3.233	 0.337	3.9596	0.0004	0.0013	0.0002	1.2676e-003	1.2676e-003	5.38002e-003
22.61667	 3.210	 0.313	3.9556	0.0004	0.0014	0.0002	1.3304e-003	1.3304e-003	5.65558e-003
22.63333	 3.186	 0.290	3.9515	0.0005	0.0014	0.0002	1.3963e-003	1.3963e-003	5.94522e-003
22.65000	 3.163	 0.265	3.9475	0.0005	0.0015	0.0002	1.4654e-003	1.4654e-003	6.24966e-003
22.66667	 3.140	 0.242	3.9435	0.0005	0.0016	0.0003	1.5379e-003	1.5379e-003	6.56964e-003
22.68333	 3.118	 0.219	3.9395	0.0005	0.0017	0.0003	1.6141e-003	1.6141e-003	6.90595e-003
22.70000	 3.096	 0.196	3.9354	0.0006	0.0017	0.0003	1.6940e-003	1.6940e-003	7.25942e-003
22.71667	 3.075	 0.174	3.9314	0.0006	0.0018	0.0003	1.7779e-003	1.7779e-003	7.63092e-003
22.73333	 3.054	 0.152	3.9274	0.0006	0.0019	0.0003	1.8659e-003	1.8659e-003	8.02136e-003
22.75000	 3.035	 0.131	3.9234	0.0007	0.0020	0.0004	1.9583e-003	1.9583e-003	8.43169e-003
22.76667	 3.016	 0.112	3.9195	0.0007	0.0021	0.0004	2.0553e-003	2.0553e-003	8.86292e-003
22.78333	 3.000	 0.092	3.9155	0.0007	0.0022	0.0004	2.1570e-003	2.1570e-003	9.31612e-003
22.80000	 2.982	 0.076	3.9115	0.0008	0.0023	0.0004	2.2638e-003	2.2638e-003	9.79239e-003
22.81667	 2.964	 0.058	3.9075	0.0008	0.0024	0.0004	2.3759e-003	2.3759e-003	1.02929e-002
22.83333	 2.950	 0.039	3.9036	0.0009	0.0026	0.0005	2.4936e-003	2.4936e-003	1.08189e-002
22.85000	 2.937	 0.025	3.8996	0.0009	0.0027	0.0005	2.6171e-003	2.6171e-003	1.13716e-002
22.86667	 2.924	 0.011	3.8956	0.0010	0.0028	0.0005	2.7466e-003	2.7466e-003	1.19525e-002
22.88333	 2.912	-0.002	3.8917	0.0010	0.0030	0.0006	2.8826e-003	2.8826e-003	1.25629e-002
22.90000	 2.900	-0.014	3.8877	0.0011	0.0031	0.0006	3.0254e-003	3.0254e-003	1.32043e-002
22.91667	 2.888	-0.027	3.8838	0.0011	0.0033	0.0006	3.1752e-003	3.1752e-003	1.38784e-002
22.93333	 2.881	-0.039	3.8799	0.0012	0.0034	0.0007	3.3324e-003	3.3324e-003	1.45867e-002
22.95000	 2.873	-0.047	3.8760	0.0012	0.0036	0.0007	3.4974e-003	3.4974e-003	1.53310e-002
22.96667	 2.866	-0.055	3.8720	0.0013	0.0038	0.0007	3.6705e-003	3.6705e-003	1.61131e-002
22.98333	 2.859	-0.062	3.8681	0.0014	0.0040	0.0008	3.8523e-003	3.8523e-003	1.69350e-002
23.00000	 2.851	-0.070	3.8642	0.0014	0.0042	0.0008	4.0430e-003	4.0430e-003	1.77986e-002
23.01667	 2.846	-0.078	3.8603	0.0015	0.0044	0.0009	4.2432e-003	4.2432e-003	1.87061e-002
23.03333	 2.844	-0.083	3.8564	0.0016	0.0046	0.0009	4.4533e-003	4.4533e-003	1.96597e-002
23.05000	 2.842	-0.086	3.8525	0.0017	0.0048	0.0010	4.6738e-003	4.6738e-003	2.06618e-002
23.06667	 2.836	-0.088	3.8486	0.0017	0.0051	0.0010	4.9053e-003	4.9053e-003	2.17147e-002
23.08333	 2.838	-0.095	3.8447	0.0018	0.0053	0.0011	5.1481e-003	5.1481e-003	2.28211e-002
23.10000	 2.837	-0.093	3.8409	0.0019	0.0056	0.0012	5.4030e-003	5.4030e-003	2.39836e-002
23.11667	 2.838	-0.094	3.8370	0.0020	0.0058	0.0012	5.6706e-003	5.6706e-003	2.52052e-002
23.13333	 2.839	-0.094	3.8331	0.0021	0.0061	0.0013	5.9513e-003	5.9513e-003	2.64889e-002
23.15000	 2.839	-0.093	3.8293	0.0022	0.0064	0.0014	6.2460e-003	6.2460e-003	2.78377e-002
23.16667	 2.843	-0.094	3.8254	0.0023	0.0068	0.0015	6.5553e-003	6.5553e-003	2.92550e-002
23.18333	 2.845	-0.090	3.8216	0.0025	0.0071	0.0016	6.8799e-003	6.8799e-003	3.07442e-002
23.20000	 2.851	-0.088	3.8177	0.0026	0.0074	0.0017	7.2205e-003	7.2205e-003	3.23091e-002
23.21667	 2.855	-0.083	3.8139	0.0027	0.0078	0.0017	7.5780e-003	7.5780e-003	3.39534e-002
23.23333	 2.861	-0.079	3.8100	0.0028	0.0082	0.0019	7.9533e-003	7.9533e-003	3.56812e-002
23.25000	 2.870	-0.073	3.8062	0.0030	0.0086	0.0020	8.3471e-003	8.3471e-003	3.74967e-002
23.26667	 2.876	-0.065	3.8024	0.0031	0.0090	0.0021	8.7604e-003	8.7604e-003	3.94044e-002
23.28333	 2.885	-0.059	3.7986	0.0033	0.0095	0.0022	9.1941e-003	9.1941e-003	4.14090e-002
23.30000	 2.894	-0.051	3.7948	0.0035	0.0099	0.0023	9.6494e-003	9.6494e-003	4.35153e-002
23.31667	 2.902	-0.042	3.7909	0.0036	0.0104	0.0025	1.0127e-002	1.0127e-002	4.57285e-002
23.33333	 2.911	-0.034	3.7871	0.0038	0.0110	0.0026	1.0629e-002	1.0629e-002	4.80542e-002
23.35000	 2.921	-0.026	3.7833	0.0040	0.0115	0.0028	1.1155e-002	1.1155e-002	5.04979e-002
23.36667	 2.929	-0.016	3.7796	0.0042	0.0121	0.0029	1.1707e-002	1.1707e-002	5.30656e-002
23.38333	 2.939	-0.009	3.7758	0.0044	0.0127	0.0031	1.2287e-002	1.2287e-002	5.57638e-002
23.40000	 2.950	 0.001	3.7720	0.0046	0.0133	0.0033	1.2895e-002	1.2895e-002	5.85989e-002
23.41667	 2.962	 0.012	3.7682	0.0049	0.0140	0.0035	1.3534e-002	1.3534e-002	6.15779e-002
23.43333	 2.973	 0.023	3.7644	0.0051	0.0146	0.0037	1.4204e-002	1.4204e-002	6.47082e-002
23.45000	 2.989	 0.034	3.7607	0.0054	0.0154	0.0039	1.4907e-002	1.4907e-002	6.79975e-002
23.46667	 3.002	 0.050	3.7569	0.0056	0.0161	0.0041	1.5645e-002	1.5645e-002	7.14537e-002
23.48333	 3.014	 0.062	3.7531	0.0059	0.0169	0.0044	1.6420e-002	1.6420e-002	7.50854e-002
23.50000	 3.028	 0.074	3.7494	0.0062	0.0178	0.0046	1.7233e-002	1.7233e-002	7.89015e-002
23.51667	 3.043	 0.087	3.7456	0.0065	0.0186	0.0049	1.8086e-002	1.8086e-002	8.29113e-002
23.53333	 3.058	 0.102	3.7419	0.0069	0.0196	0.0052	1.8982e-002	1.8982e-002	8.71247e-002
23.55000	 3.075	 0.117	3.7381	0.0072	0.0205	0.0055	1.9922e-002	1.9922e-002	9.15520e-002
23.56667	 3.092	 0.133	3.7344	0.0076	0.0216	0.0058	2.0908e-002	2.0908e-002	9.62041e-002
23.58333	 3.109	 0.150	3.7307	0.0079	0.0226	0.0061	2.1943e-002	2.1943e-002	1.01092e-001
23.60000	 3.125	 0.167	3.7270	0.0083	0.0237	0.0065	2.3030e-002	2.3030e-002	1.06229e-001
23.61667	 3.145	 0.182	3.7232	0.0088	0.0249	0.0069	2.4170e-002	2.4170e-002	1.11626e-001
23.63333	 3.161	 0.202	3.7195	0.0092	0.0262	0.0073	2.5367e-002	2.5367e-002	1.17297e-001
23.65000	 3.181	 0.217	3.7158	0.0096	0.0275	0.0077	2.6623e-002	2.6623e-002	1.23256e-001
23.66667	 3.198	 0.237	3.7121	0.0101	0.0288	0.0081	2.7941e-002	2.7941e-002	1.29518e-001
23.68333	 3.216	 0.254	3.7084	0.0106	0.0302	0.0086	2.9325e-002	2.9325e-002	1.36097e-001
23.70000	 3.236	 0.271	3.7047	0.0112	0.0317	0.0091	3.0777e-002	3.0777e-002	1.43010e-001
23.71667	 3.254	 0.291	3.7010	0.0117	0.0333	0.0097	3.2300e-002	3.2300e-002	1.50274e-001
23.73333	 3.274	 0.308	3.6973	0.0123	0.0338	0.0099	3.2814e-002	3.2814e-002	1.52848e-001
23.75000	 3.295	 0.328	3.6936	0.0129	0.0360	0.0106	3.4901e-002	3.4901e-002	1.62767e-001
23.76667	 3.316	 0.349	3.6899	0.0135	0.0382	0.0114	3.7094e-002	3.7094e-002	1.73206e-001
23.78333	 3.337	 0.369	3.6863	0.0142	0.0405	0.0122	3.9287e-002	3.9287e-002	1.83670e-001
23.80000	 3.358	 0.390	3.6826	0.0149	0.0428	0.0129	4.1481e-002	4.1481e-002	1.94159e-001
23.81667	 3.382	 0.411	3.6789	0.0157	0.0450	0.0137	4.3674e-002	4.3674e-002	2.04672e-001
23.83333	 3.403	 0.434	3.6753	0.0164	0.0476	0.0147	4.6187e-002	4.6187e-002	2.16707e-001
23.85000	 3.427	 0.455	3.6716	0.0173	0.0499	0.0155	4.8380e-002	4.8380e-002	2.27271e-001
23.86667	 3.449	 0.478	3.6680	0.0182	0.0525	0.0164	5.0893e-002	5.0893e-002	2.39360e-001
23.88333	 3.473	 0.500	3.6643	0.0191	0.0548	0.0173	5.3192e-002	5.3192e-002	2.50476e-001
23.90000	 3.496	 0.524	3.6607	0.0200	0.0574	0.0183	5.5705e-002	5.5705e-002	2.62620e-001
23.91667	 3.519	 0.546	3.6570	0.0210	0.0599	0.0192	5.8111e-002	5.8111e-002	2.74291e-001
23.93333	 3.542	 0.569	3.6534	0.0221	0.0624	0.0202	6.0517e-002	6.0517e-002	2.85987e-001
23.95000	 3.567	 0.591	3.6498	0.0231	0.0649	0.0212	6.2923e-002	6.2923e-002	2.97711e-001
23.96667	 3.590	 0.616	3.6461	0.0243	0.0676	0.0223	6.5542e-002	6.5542e-002	3.10468e-001
23.98333	 3.617	 0.639	3.6425	0.0254	0.0701	0.0233	6.7948e-002	6.7948e-002	3.22245e-001
24.00000	 3.640	 0.665	3.6389	0.0267	0.0730	0.0244	7.0780e-002	7.0780e-002	3.22245e-001
24.01667	 3.668	 0.688	3.6353	0.0279	0.0755	0.0255	7.3186e-002	7.3186e-002	3.47902e-001
24.03333	 3.694	 0.716	3.6317	0.0292	0.0785	0.0267	7.6124e-002	7.6124e-002	3.62291e-001
24.05000	 3.718	 0.741	3.6281	0.0306	0.0813	0.0279	7.8849e-002	7.8849e-002	3.75699e-001
24.06667	 3.744	 0.765	3.6245	0.0320	0.0839	0.0290	8.1362e-002	8.1362e-002	3.88121e-001
24.08333	 3.770	 0.790	3.6209	0.0334	0.0867	0.0303	8.4087e-002	8.4087e-002	4.01586e-001
24.10000	 3.797	 0.816	3.6173	0.0349	0.0895	0.0315	8.6812e-002	8.6812e-002	4.15080e-001
24.11667	 3.824	 0.843	3.6137	0.0365	0.0924	0.0328	8.9644e-002	8.9644e-002	4.29112e-001
24.13333	 3.850	 0.869	3.6101	0.0380	0.0954	0.0341	9.2476e-002	9.2476e-002	4.43174e-001
24.15000	 3.878	 0.895	3.6065	0.0397	0.0982	0.0354	9.5201e-002	9.5201e-002	4.56755e-001
24.16667	 3.906	 0.922	3.6029	0.0414	0.1012	0.0368	9.8139e-002	9.8139e-002	4.71387e-001
24.18333	 3.935	 0.950	3.5993	0.0431	0.1042	0.0382	1.0108e-001	1.0108e-001	4.86049e-001
24.20000	 3.964	 0.979	3.5958	0.0449	0.1074	0.0397	1.0412e-001	1.0412e-001	5.01253e-001
24.21667	 3.993	 1.007	3.5922	0.0467	0.1105	0.0412	1.0717e-001	1.0717e-001	5.16489e-001
24.23333	 4.020	 1.036	3.5886	0.0486	0.1136	0.0427	1.1021e-001	1.1021e-001	5.31755e-001
24.25000	 4.048	 1.063	3.5851	0.0506	0.1166	0.0442	1.1304e-001	1.1304e-001	5.46025e-001
24.26667	 4.077	 1.090	3.5815	0.0526	0.1196	0.0457	1.1598e-001	1.1598e-001	5.60837e-001
24.28333	 4.106	 1.119	3.5780	0.0546	0.1227	0.0473	1.1902e-001	1.1902e-001	5.76194e-001
24.30000	 4.137	 1.147	3.5744	0.0567	0.1259	0.0489	1.2207e-001	1.2207e-001	5.91580e-001
24.31667	 4.164	 1.178	3.5709	0.0589	0.1292	0.0506	1.2533e-001	1.2533e-001	6.08029e-001
24.33333	 4.195	 1.205	3.5674	0.0611	0.1321	0.0522	1.2816e-001	1.2816e-001	6.22443e-001
24.35000	 4.225	 1.235	3.5638	0.0633	0.1355	0.0539	1.3141e-001	1.3141e-001	6.38953e-001
24.36667	 4.253	 1.265	3.5603	0.0656	0.1388	0.0557	1.3457e-001	1.3457e-001	6.54975e-001
24.38333	 4.282	 1.293	3.5568	0.0680	0.1418	0.0573	1.3750e-001	1.3750e-001	6.69992e-001
24.40000	 4.312	 1.321	3.5532	0.0704	0.1449	0.0591	1.4055e-001	1.4055e-001	6.85554e-001
24.41667	 4.340	 1.351	3.5497	0.0729	0.1482	0.0609	1.4370e-001	1.4370e-001	7.01664e-001
24.43333	 4.371	 1.378	3.5462	0.0754	0.1512	0.0627	1.4664e-001	1.4664e-001	7.16764e-001
24.45000	 4.401	 1.409	3.5427	0.0780	0.1546	0.0646	1.4989e-001	1.4989e-001	7.33451e-001
24.46667	 4.432	 1.439	3.5392	0.0806	0.1578	0.0665	1.5305e-001	1.5305e-001	7.49646e-001
24.48333	 4.460	 1.469	3.5357	0.0833	0.1612	0.0684	1.5630e-001	1.5630e-001	7.66392e-001
24.50000	 4.489	 1.497	3.5322	0.0860	0.1642	0.0703	1.5924e-001	1.5924e-001	7.81600e-001
24.51667	 4.517	 1.525	3.5287	0.0888	0.1673	0.0722	1.6228e-001	1.6228e-001	7.97355e-001
24.53333	 4.548	 1.553	3.5252	0.0917	0.1704	0.0741	1.6522e-001	1.6522e-001	8.12614e-001
24.55000	 4.580	 1.584	3.5217	0.0945	0.1737	0.0762	1.6848e-001	1.6848e-001	8.29469e-001
24.56667	 4.609	 1.615	3.5182	0.0975	0.1772	0.0783	1.7184e-001	1.7184e-001	8.46876e-001
24.58333	 4.639	 1.644	3.5147	0.1005	0.1803	0.0804	1.7489e-001	1.7489e-001	8.62737e-001
24.60000	 4.668	 1.674	3.5112	0.1036	0.1836	0.0825	1.7804e-001	1.7804e-001	8.79148e-001
24.61667	 4.698	 1.702	3.5077	0.1067	0.1867	0.0846	1.8108e-001	1.8108e-001	8.95059e-001
24.63333	 4.728	 1.732	3.5043	0.1098	0.1900	0.0867	1.8423e-001	1.8423e-001	9.11520e-001
24.65000	 4.754	 1.761	3.5008	0.1131	0.1932	0.0889	1.8738e-001	1.8738e-001	9.28007e-001
24.66667	 4.785	 1.787	3.4973	0.1163	0.1960	0.0909	1.9011e-001	1.9011e-001	9.42409e-001
24.68333	 4.815	 1.818	3.4939	0.1197	0.1994	0.0932	1.9337e-001	1.9337e-001	9.59471e-001
24.70000	 4.845	 1.847	3.4904	0.1230	0.2026	0.0955	1.9652e-001	1.9652e-001	9.76029e-001
24.71667	 4.873	 1.877	3.4869	0.1265	0.2059	0.0978	1.9967e-001	1.9967e-001	9.92612e-001
24.73333	 4.902	 1.904	3.4835	0.1299	0.2089	0.1000	2.0261e-001	2.0261e-001	1.00816e+000
24.75000	 4.931	 1.933	3.4800	0.1335	0.2120	0.1023	2.0565e-001	2.0565e-001	1.02426e+000
24.76667	 4.959	 1.962	3.4766	0.1371	0.2152	0.1047	2.0870e-001	2.0870e-001	1.04038e+000
24.78333	 4.989	 1.989	3.4731	0.1407	0.2182	0.1070	2.1163e-001	2.1163e-001	1.05599e+000
24.80000	 5.017	 2.019	3.4697	0.1444	0.2215	0.1095	2.1478e-001	2.1478e-001	1.07269e+000
24.81667	 5.046	 2.047	3.4662	0.1481	0.2245	0.1118	2.1772e-001	2.1772e-001	1.08834e+000
24.83333	 5.073	 2.075	3.4628	0.1519	0.2276	0.1143	2.2077e-001	2.2077e-001	1.10455e+000
24.85000	 5.099	 2.102	3.4594	0.1558	0.2306	0.1167	2.2360e-001	2.2360e-001	1.11971e+000
24.86667	 5.127	 2.127	3.4559	0.1597	0.2334	0.1191	2.2632e-001	2.2632e-001	1.13435e+000
24.88333	 5.155	 2.155	3.4525	0.1636	0.2364	0.1216	2.2926e-001	2.2926e-001	1.15008e+000
24.90000	 5.181	 2.183	3.4491	0.1676	0.2394	0.1241	2.3220e-001	2.3220e-001	1.16583e+000
24.91667	 5.209	 2.208	3.4457	0.1716	0.2422	0.1265	2.3493e-001	2.3493e-001	1.18053e+000
24.93333	 5.235	 2.236	3.4422	0.1757	0.2453	0.1291	2.3786e-001	2.3786e-001	1.19632e+000
24.95000	 5.261	 2.261	3.4388	0.1798	0.2481	0.1316	2.4059e-001	2.4059e-001	1.21106e+000
24.96667	 5.289	 2.287	3.4354	0.1840	0.2509	0.1342	2.4331e-001	2.4331e-001	1.22581e+000
24.98333	 5.313	 2.315	3.4320	0.1883	0.2539	0.1369	2.4625e-001	2.4625e-001	1.24165e+000
25.00000	 5.339	 2.338	3.4286	0.1925	0.2565	0.1394	2.4876e-001	2.4876e-001	1.25536e+000
25.01667	 5.364	 2.364	3.4252	0.1969	0.2593	0.1420	2.5149e-001	2.5149e-001	1.27015e+000
25.03333	 5.390	 2.389	3.4218	0.2012	0.2620	0.1446	2.5411e-001	2.5411e-001	1.28443e+000
25.05000	 5.416	 2.414	3.4184	0.2056	0.2648	0.1473	2.5683e-001	2.5683e-001	1.29926e+000
25.06667	 5.438	 2.440	3.4150	0.2101	0.2676	0.1500	2.5956e-001	2.5956e-001	1.31410e+000
25.08333	 5.462	 2.461	3.4116	0.2146	0.2700	0.1526	2.6186e-001	2.6186e-001	1.32681e+000
25.10000	 5.488	 2.485	3.4082	0.2191	0.2726	0.1552	2.6437e-001	2.6437e-001	1.34060e+000
25.11667	 5.511	 2.511	3.4048	0.2237	0.2754	0.1581	2.6710e-001	2.6710e-001	1.35549e+000
25.13333	 5.534	 2.533	3.4014	0.2284	0.2779	0.1607	2.6950e-001	2.6950e-001	1.36876e+000
25.15000	 5.557	 2.556	3.3981	0.2330	0.2804	0.1634	2.7191e-001	2.7191e-001	1.38206e+000
25.16667	 5.581	 2.579	3.3947	0.2378	0.2828	0.1662	2.7432e-001	2.7432e-001	1.40922e+000
25.18333	 5.603	 2.602	3.3913	0.2425	0.2854	0.1690	2.7683e-001	2.7683e-001	1.40922e+000
25.20000	 5.624	 2.624	3.3879	0.2473	0.2878	0.1717	2.7913e-001	2.7913e-001	1.42200e+000
25.21667	 5.648	 2.644	3.3846	0.2521	0.2901	0.1744	2.8132e-001	2.8132e-001	1.43425e+000
25.23333	 5.667	 2.668	3.3812	0.2570	0.2927	0.1774	2.8383e-001	2.8383e-001	1.44814e+000
25.25000	 5.689	 2.687	3.3778	0.2619	0.2947	0.1800	2.8581e-001	2.8581e-001	1.45933e+000
25.26667	 5.711	 2.708	3.3745	0.2669	0.2971	0.1828	2.8811e-001	2.8811e-001	1.47215e+000
25.28333	 5.731	 2.730	3.3711	0.2719	0.2994	0.1857	2.9041e-001	2.9041e-001	1.48499e+000
25.30000	 5.750	 2.749	3.3677	0.2769	0.3016	0.1885	2.9250e-001	2.9250e-001	1.49674e+000
25.31667	 5.771	 2.768	3.3644	0.2820	0.3036	0.1913	2.9448e-001	2.9448e-001	1.50796e+000
25.33333	 5.791	 2.789	3.3610	0.2871	0.3059	0.1942	2.9667e-001	2.9667e-001	1.52028e+000
25.35000	 5.809	 2.808	3.3577	0.2922	0.3081	0.1971	2.9876e-001	2.9876e-001	1.53206e+000
25.36667	 5.827	 2.826	3.3543	0.2974	0.3100	0.1998	3.0064e-001	3.0064e-001	1.54275e+000
25.38333	 5.845	 2.844	3.3510	0.3026	0.3119	0.2026	3.0251e-001	3.0251e-001	1.55345e+000
25.40000	 5.863	 2.861	3.3476	0.3078	0.3138	0.2055	3.0438e-001	3.0438e-001	1.56416e+000
25.41667	 5.880	 2.879	3.3443	0.3130	0.3158	0.2083	3.0626e-001	3.0626e-001	1.57487e+000
25.43333	 5.896	 2.895	3.3410	0.3183	0.3176	0.2111	3.0803e-001	3.0803e-001	1.58505e+000
25.45000	 5.914	 2.911	3.3376	0.3237	0.3193	0.2139	3.0969e-001	3.0969e-001	1.59468e+000
25.46667	 5.931	 2.929	3.3343	0.3290	0.3213	0.2169	3.1156e-001	3.1156e-001	1.60540e+000
25.48333	 5.943	 2.957	3.3276	0.3398	0.3243	0.2224	3.1457e-001	3.1457e-001	1.62304e+000
25.50000	 5.959	 2.972	3.3243	0.3452	0.3261	0.2252	3.1623e-001	3.1623e-001	1.63268e+000
25.51667	 5.973	 2.986	3.3210	0.3507	0.3276	0.2280	3.1768e-001	3.1768e-001	1.64123e+000
25.53333	 5.987	 3.000	3.3177	0.3562	0.3290	0.2308	3.1912e-001	3.1912e-001	1.64978e+000
25.55000	 6.000	 3.012	3.3143	0.3617	0.3304	0.2336	3.2047e-001	3.2047e-001	1.65778e+000
25.56667	 6.013	 3.025	3.3110	0.3672	0.3318	0.2363	3.2181e-001	3.2181e-001	1.67489e+000
25.58333	 6.028	 3.040	3.3077	0.3728	0.3334	0.2393	3.2336e-001	3.2336e-001	1.67489e+000
25.60000	 6.039	 3.050	3.3044	0.3784	0.3346	0.2420	3.2449e-001	3.2449e-001	1.68179e+000
25.61667	 6.052	 3.063	3.3011	0.3840	0.3360	0.2448	3.2584e-001	3.2584e-001	1.68980e+000
25.63333	 6.061	 3.071	3.2978	0.3896	0.3369	0.2474	3.2675e-001	3.2675e-001	1.69560e+000
25.65000	 6.072	 3.082	3.2944	0.3952	0.3381	0.2502	3.2788e-001	3.2788e-001	1.70250e+000
25.66667	 6.081	 3.091	3.2911	0.4009	0.3390	0.2528	3.2880e-001	3.2880e-001	1.70829e+000
25.68333	 6.090	 3.099	3.2878	0.4065	0.3400	0.2554	3.2971e-001	3.2971e-001	1.71408e+000
25.70000	 6.097	 3.106	3.2845	0.4122	0.3407	0.2579	3.3042e-001	3.3042e-001	1.71877e+000
25.71667	 6.105	 3.113	3.2812	0.4179	0.3415	0.2605	3.3123e-001	3.3123e-001	1.72400e+000
25.73333	 6.111	 3.119	3.2779	0.4236	0.3421	0.2630	3.3183e-001	3.3183e-001	1.72812e+000
25.75000	 6.117	 3.125	3.2746	0.4293	0.3428	0.2655	3.3242e-001	3.3242e-001	1.73223e+000
25.76667	 6.123	 3.130	3.2713	0.4350	0.3434	0.2680	3.3302e-001	3.3302e-001	1.73634e+000
25.78333	 6.125	 3.132	3.2680	0.4408	0.3436	0.2702	3.3319e-001	3.3319e-001	1.73823e+000
25.80000	 6.131	 3.138	3.2648	0.4465	0.3442	0.2727	3.3379e-001	3.3379e-001	1.74233e+000
25.81667	 6.132	 3.138	3.2615	0.4522	0.3442	0.2748	3.3386e-001	3.3386e-001	1.74365e+000
25.83333	 6.136	 3.142	3.2582	0.4580	0.3446	0.2772	3.3424e-001	3.3424e-001	1.74662e+000
25.85000	 6.140	 3.145	3.2549	0.4637	0.3450	0.2797	3.3463e-001	3.3463e-001	1.74959e+000
25.86667	 6.142	 3.147	3.2516	0.4695	0.3452	0.2819	3.3480e-001	3.3480e-001	1.75144e+000
25.88333	 6.141	 3.146	3.2483	0.4752	0.3451	0.2839	3.3465e-001	3.3465e-001	1.75144e+000
25.90000	 6.139	 3.143	3.2450	0.4810	0.3448	0.2859	3.3440e-001	3.3440e-001	1.75121e+000
25.91667	 6.139	 3.143	3.2418	0.4867	0.3448	0.2880	3.3436e-001	3.3436e-001	1.75191e+000
25.93333	 6.138	 3.142	3.2385	0.4925	0.3446	0.2901	3.3421e-001	3.3421e-001	1.75205e+000
25.95000	 6.135	 3.138	3.2352	0.4982	0.3442	0.2920	3.3385e-001	3.3385e-001	1.75106e+000
25.96667	 6.130	 3.133	3.2319	0.5039	0.3436	0.2937	3.3328e-001	3.3328e-001	1.74894e+000
25.98333	 6.126	 3.128	3.2287	0.5096	0.3432	0.2955	3.3281e-001	3.3281e-001	1.74737e+000
26.00000	 6.121	 3.123	3.2254	0.5154	0.3426	0.2972	3.3224e-001	3.3224e-001	1.74523e+000
26.01667	 6.113	 3.115	3.2221	0.5210	0.3417	0.2986	3.3135e-001	3.3135e-001	1.74140e+000
26.03333	 6.106	 3.107	3.2189	0.5267	0.3408	0.3002	3.3056e-001	3.3056e-001	1.73811e+000
26.05000	 6.098	 3.099	3.2156	0.5324	0.3399	0.3016	3.2967e-001	3.2967e-001	1.73425e+000
26.06667	 6.090	 3.090	3.2123	0.5380	0.3390	0.3031	3.2878e-001	3.2878e-001	1.73037e+000
26.08333	 6.081	 3.081	3.2091	0.5437	0.3380	0.3044	3.2778e-001	3.2778e-001	1.72592e+000
26.10000	 6.070	 3.070	3.2058	0.5493	0.3367	0.3056	3.2657e-001	3.2657e-001	1.72033e+000
26.11667	 6.058	 3.057	3.2025	0.5549	0.3354	0.3067	3.2525e-001	3.2525e-001	1.71416e+000
26.13333	 6.048	 3.047	3.1993	0.5604	0.3342	0.3079	3.2415e-001	3.2415e-001	1.70910e+000
26.15000	 6.039	 3.038	3.1960	0.5660	0.3332	0.3093	3.2315e-001	3.2315e-001	1.70910e+000
26.16667	 6.024	 3.022	3.1928	0.5715	0.3315	0.3100	3.2151e-001	3.2151e-001	1.69668e+000
26.18333	 6.014	 3.012	3.1895	0.5770	0.3304	0.3113	3.2041e-001	3.2041e-001	1.69157e+000
26.20000	 5.997	 2.994	3.1863	0.5825	0.3285	0.3118	3.1856e-001	3.1856e-001	1.68251e+000
26.21667	 5.983	 2.980	3.1830	0.5880	0.3269	0.3127	3.1703e-001	3.1703e-001	1.67511e+000
26.23333	 5.970	 2.967	3.1797	0.5934	0.3254	0.3136	3.1560e-001	3.1560e-001	1.66827e+000
26.25000	 5.952	 2.948	3.1765	0.5988	0.3234	0.3140	3.1365e-001	3.1365e-001	1.65859e+000
26.26667	 5.937	 2.933	3.1732	0.6041	0.3217	0.3147	3.1201e-001	3.1201e-001	1.65057e+000
26.28333	 5.919	 2.914	3.1700	0.6095	0.3197	0.3151	3.1006e-001	3.1006e-001	1.64086e+000
26.30000	 5.901	 2.896	3.1668	0.6148	0.3177	0.3154	3.0810e-001	3.0810e-001	1.63112e+000
26.31667	 5.883	 2.878	3.1635	0.6200	0.3157	0.3158	3.0615e-001	3.0615e-001	1.62136e+000
26.33333	 5.865	 2.859	3.1603	0.6252	0.3136	0.3161	3.0419e-001	3.0419e-001	1.61158e+000
26.35000	 5.843	 2.837	3.1570	0.6304	0.3112	0.3160	3.0181e-001	3.0181e-001	1.59953e+000
26.36667	 5.824	 2.818	3.1538	0.6356	0.3091	0.3162	2.9975e-001	2.9975e-001	1.58916e+000
26.38333	 5.803	 2.796	3.1505	0.6407	0.3067	0.3161	2.9747e-001	2.9747e-001	1.56721e+000
26.40000	 5.784	 2.777	3.1473	0.6458	0.3046	0.3163	2.9541e-001	2.9541e-001	1.56721e+000
26.41667	 5.766	 2.758	3.1441	0.6508	0.3026	0.3166	2.9345e-001	2.9345e-001	1.55734e+000
26.43333	 5.744	 2.736	3.1408	0.6558	0.3001	0.3163	2.9107e-001	2.9107e-001	1.54519e+000
26.45000	 5.725	 2.717	3.1376	0.6608	0.2980	0.3164	2.8901e-001	2.8901e-001	1.53471e+000
26.46667	 5.703	 2.694	3.1343	0.6657	0.2955	0.3162	2.8663e-001	2.8663e-001	1.52253e+000
26.48333	 5.681	 2.672	3.1311	0.6706	0.2931	0.3159	2.8425e-001	2.8425e-001	1.51032e+000
26.50000	 5.663	 2.653	3.1279	0.6754	0.2911	0.3161	2.8229e-001	2.8229e-001	1.50036e+000
26.51667	 5.642	 2.632	3.1246	0.6802	0.2887	0.3159	2.8002e-001	2.8002e-001	1.48868e+000
26.53333	 5.621	 2.611	3.1214	0.6850	0.2864	0.3156	2.7774e-001	2.7774e-001	1.47698e+000
26.55000	 5.600	 2.589	3.1182	0.6898	0.2840	0.3154	2.7547e-001	2.7547e-001	1.46527e+000
26.56667	 5.579	 2.568	3.1149	0.6945	0.2817	0.3151	2.7319e-001	2.7319e-001	1.45353e+000
26.58333	 5.558	 2.547	3.1117	0.6991	0.2793	0.3148	2.7092e-001	2.7092e-001	1.44178e+000
26.60000	 5.536	 2.524	3.1085	0.7037	0.2769	0.3144	2.6854e-001	2.6854e-001	1.42945e+000
26.61667	 5.514	 2.502	3.1053	0.7083	0.2744	0.3139	2.6616e-001	2.6616e-001	1.40530e+000
26.63333	 5.493	 2.480	3.1020	0.7128	0.2721	0.3136	2.6388e-001	2.6388e-001	1.40530e+000
26.65000	 5.472	 2.459	3.0988	0.7173	0.2697	0.3132	2.6161e-001	2.6161e-001	1.39349e+000
26.66667	 5.447	 2.434	3.0956	0.7218	0.2670	0.3123	2.5891e-001	2.5891e-001	1.37939e+000
26.68333	 5.424	 2.410	3.0924	0.7262	0.2644	0.3116	2.5642e-001	2.5642e-001	1.36640e+000
26.70000	 5.402	 2.388	3.0891	0.7305	0.2619	0.3110	2.5404e-001	2.5404e-001	1.35397e+000
26.71667	 5.379	 2.365	3.0859	0.7349	0.2594	0.3102	2.5155e-001	2.5155e-001	1.34096e+000
26.73333	 5.353	 2.338	3.0827	0.7391	0.2565	0.3091	2.4874e-001	2.4874e-001	1.32623e+000
26.75000	 5.330	 2.315	3.0795	0.7434	0.2539	0.3082	2.4625e-001	2.4625e-001	1.31319e+000
26.76667	 5.306	 2.290	3.0762	0.7476	0.2512	0.3073	2.4366e-001	2.4366e-001	1.29956e+000
26.78333	 5.283	 2.267	3.0730	0.7517	0.2487	0.3064	2.4117e-001	2.4117e-001	1.28649e+000
26.80000	 5.257	 2.241	3.0698	0.7558	0.2458	0.3051	2.3837e-001	2.3837e-001	1.27170e+000
26.81667	 5.233	 2.216	3.0666	0.7599	0.2431	0.3040	2.3577e-001	2.3577e-001	1.25804e+000
26.83333	 5.211	 2.194	3.0634	0.7639	0.2406	0.3032	2.3339e-001	2.3339e-001	1.23123e+000
26.85000	 5.186	 2.168	3.0601	0.7678	0.2379	0.3019	2.3069e-001	2.3069e-001	1.23123e+000
26.86667	 5.164	 2.146	3.0569	0.7718	0.2354	0.3010	2.2831e-001	2.2831e-001	1.21866e+000
26.88333	 5.138	 2.120	3.0537	0.7756	0.2325	0.2995	2.2550e-001	2.2550e-001	1.20381e+000
26.90000	 5.116	 2.097	3.0505	0.7795	0.2301	0.2986	2.2312e-001	2.2312e-001	1.19122e+000
26.91667	 5.093	 2.074	3.0473	0.7833	0.2275	0.2974	2.2063e-001	2.2063e-001	1.17805e+000
26.93333	 5.071	 2.052	3.0440	0.7870	0.2250	0.2964	2.1825e-001	2.1825e-001	1.16543e+000
26.95000	 5.048	 2.028	3.0408	0.7907	0.2225	0.2952	2.1577e-001	2.1577e-001	1.15224e+000
26.96667	 5.025	 2.005	3.0376	0.7944	0.2199	0.2940	2.1328e-001	2.1328e-001	1.13904e+000
26.98333	 5.001	 1.980	3.0344	0.7980	0.2172	0.2926	2.1068e-001	2.1068e-001	1.12526e+000
27.00000	 4.979	 1.958	3.0312	0.8016	0.2148	0.2914	2.0830e-001	2.0830e-001	1.11261e+000
27.01667	 4.956	 1.935	3.0280	0.8051	0.2122	0.2901	2.0581e-001	2.0581e-001	1.09938e+000
27.03333	 4.933	 1.911	3.0247	0.8086	0.2097	0.2887	2.0333e-001	2.0333e-001	1.08614e+000
27.05000	 4.911	 1.889	3.0215	0.8121	0.2072	0.2874	2.0095e-001	2.0095e-001	1.06021e+000
27.06667	 4.888	 1.865	3.0183	0.8155	0.2046	0.2860	1.9846e-001	1.9846e-001	1.06021e+000
27.08333	 4.869	 1.846	3.0151	0.8188	0.2025	0.2851	1.9640e-001	1.9640e-001	1.04922e+000
27.10000	 4.846	 1.823	3.0119	0.8222	0.1999	0.2836	1.9391e-001	1.9391e-001	1.03595e+000
27.11667	 4.825	 1.801	3.0087	0.8255	0.1976	0.2823	1.9163e-001	1.9163e-001	1.02381e+000
27.13333	 4.803	 1.779	3.0054	0.8287	0.1951	0.2809	1.8925e-001	1.8925e-001	1.01110e+000
27.15000	 4.780	 1.756	3.0022	0.8319	0.1926	0.2793	1.8677e-001	1.8677e-001	9.97809e-001
27.16667	 4.759	 1.734	2.9990	0.8351	0.1902	0.2779	1.8449e-001	1.8449e-001	9.85651e-001
27.18333	 4.738	 1.713	2.9958	0.8382	0.1879	0.2765	1.8222e-001	1.8222e-001	9.73488e-001
27.20000	 4.715	 1.689	2.9926	0.8413	0.1853	0.2748	1.7973e-001	1.7973e-001	9.60183e-001
27.21667	 4.690	 1.664	2.9894	0.8444	0.1825	0.2727	1.7703e-001	1.7703e-001	9.45737e-001
27.23333	 4.668	 1.642	2.9862	0.8474	0.1801	0.2710	1.7465e-001	1.7465e-001	9.32991e-001
27.25000	 4.642	 1.615	2.9829	0.8503	0.1772	0.2686	1.7184e-001	1.7184e-001	9.17967e-001
27.26667	 4.621	 1.594	2.9797	0.8532	0.1748	0.2670	1.6956e-001	1.6956e-001	8.93023e-001
27.28333	 4.599	 1.571	2.9765	0.8561	0.1724	0.2653	1.6718e-001	1.6718e-001	8.93023e-001
27.30000	 4.576	 1.548	2.9733	0.8589	0.1698	0.2632	1.6470e-001	1.6470e-001	8.79693e-001
27.31667	 4.555	 1.527	2.9701	0.8617	0.1675	0.2615	1.6242e-001	1.6242e-001	8.67496e-001
27.33333	 4.530	 1.501	2.9669	0.8645	0.1647	0.2591	1.5972e-001	1.5972e-001	8.53024e-001
27.35000	 4.506	 1.477	2.9636	0.8672	0.1620	0.2568	1.5713e-001	1.5713e-001	8.39117e-001
27.36667	 4.486	 1.457	2.9604	0.8698	0.1598	0.2551	1.5496e-001	1.5496e-001	8.27480e-001
27.38333	 4.465	 1.435	2.9572	0.8725	0.1574	0.2532	1.5268e-001	1.5268e-001	8.15273e-001
27.40000	 4.442	 1.412	2.9540	0.8750	0.1549	0.2510	1.5020e-001	1.5020e-001	8.01927e-001
27.41667	 4.422	 1.391	2.9508	0.8776	0.1526	0.2492	1.4803e-001	1.4803e-001	7.90284e-001
27.43333	 4.398	 1.367	2.9476	0.8801	0.1500	0.2466	1.4543e-001	1.4543e-001	7.76367e-001
27.45000	 4.382	 1.351	2.9443	0.8826	0.1482	0.2455	1.4369e-001	1.4369e-001	7.66991e-001
27.46667	 4.361	 1.329	2.9411	0.8850	0.1458	0.2434	1.4142e-001	1.4142e-001	7.54775e-001
27.48333	 4.341	 1.309	2.9379	0.8874	0.1436	0.2415	1.3925e-001	1.3925e-001	7.33746e-001
27.50000	 4.325	 1.293	2.9347	0.8897	0.1418	0.2402	1.3750e-001	1.3750e-001	7.33746e-001
27.51667	 4.306	 1.273	2.9315	0.8921	0.1397	0.2384	1.3544e-001	1.3544e-001	7.22661e-001
27.53333	 4.286	 1.253	2.9283	0.8944	0.1374	0.2363	1.3327e-001	1.3327e-001	7.11008e-001
27.55000	 4.269	 1.235	2.9250	0.8966	0.1355	0.2348	1.3142e-001	1.3142e-001	7.01057e-001
27.56667	 4.252	 1.218	2.9218	0.8988	0.1336	0.2332	1.2958e-001	1.2958e-001	6.91105e-001
27.58333	 4.236	 1.202	2.9186	0.9010	0.1318	0.2318	1.2783e-001	1.2783e-001	6.81719e-001
27.60000	 4.217	 1.182	2.9154	0.9032	0.1297	0.2297	1.2577e-001	1.2577e-001	6.70631e-001
27.61667	 4.201	 1.166	2.9121	0.9053	0.1279	0.2282	1.2403e-001	1.2403e-001	6.61243e-001
27.63333	 4.185	 1.149	2.9089	0.9074	0.1261	0.2267	1.2228e-001	1.2228e-001	6.51855e-001
27.65000	 4.168	 1.132	2.9057	0.9095	0.1242	0.2249	1.2044e-001	1.2044e-001	6.41900e-001
27.66667	 4.150	 1.114	2.9025	0.9115	0.1222	0.2229	1.1848e-001	1.1848e-001	6.31377e-001
27.68333	 4.133	 1.096	2.8993	0.9135	0.1203	0.2211	1.1663e-001	1.1663e-001	6.21420e-001
27.70000	 4.116	 1.079	2.8960	0.9155	0.1184	0.2192	1.1478e-001	1.1478e-001	6.02641e-001
27.71667	 4.101	 1.064	2.8928	0.9175	0.1167	0.2177	1.1314e-001	1.1314e-001	6.02641e-001
27.73333	 4.084	 1.046	2.8896	0.9194	0.1148	0.2157	1.1130e-001	1.1130e-001	5.92684e-001
27.75000	 4.067	 1.029	2.8863	0.9213	0.1128	0.2137	1.0945e-001	1.0945e-001	5.82727e-001
27.76667	 4.049	 1.010	2.8831	0.9231	0.1108	0.2115	1.0749e-001	1.0749e-001	5.72204e-001
27.78333	 4.035	 0.996	2.8799	0.9249	0.1093	0.2100	1.0596e-001	1.0596e-001	5.63947e-001
27.80000	 4.020	 0.981	2.8767	0.9267	0.1076	0.2083	1.0432e-001	1.0432e-001	5.55122e-001
27.81667	 4.004	 0.964	2.8734	0.9285	0.1058	0.2063	1.0258e-001	1.0258e-001	5.45732e-001
27.83333	 3.986	 0.946	2.8702	0.9302	0.1038	0.2039	1.0062e-001	1.0062e-001	5.35211e-001
27.85000	 3.971	 0.930	2.8670	0.9319	0.1021	0.2021	9.8988e-002	9.8988e-002	5.26387e-001
27.86667	 3.957	 0.916	2.8637	0.9336	0.1005	0.2005	9.7458e-002	9.7458e-002	5.18129e-001
27.88333	 3.941	 0.900	2.8605	0.9352	0.0987	0.1984	9.5715e-002	9.5715e-002	5.08740e-001
27.90000	 3.925	 0.883	2.8573	0.9368	0.0969	0.1962	9.3972e-002	9.3972e-002	4.99352e-001
27.91667	 3.909	 0.867	2.8540	0.9384	0.0951	0.1940	9.2230e-002	9.2230e-002	4.80578e-001
27.93333	 3.893	 0.851	2.8508	0.9400	0.0933	0.1918	9.0487e-002	9.0487e-002	4.80578e-001
27.95000	 3.877	 0.834	2.8476	0.9415	0.0915	0.1895	8.8744e-002	8.8744e-002	4.71192e-001
27.96667	 3.860	 0.817	2.8443	0.9430	0.0896	0.1869	8.6894e-002	8.6894e-002	4.61243e-001
27.98333	 3.844	 0.800	2.8411	0.9445	0.0878	0.1845	8.5152e-002	8.5152e-002	4.51859e-001
28.00000	 3.829	 0.785	2.8378	0.9459	0.0861	0.1823	8.3515e-002	8.3515e-002	4.43041e-001
28.01667	 3.812	 0.768	2.8346	0.9473	0.0842	0.1796	8.1666e-002	8.1666e-002	4.33096e-001
28.03333	 3.796	 0.751	2.8314	0.9487	0.0824	0.1771	7.9923e-002	7.9923e-002	4.23718e-001
28.05000	 3.780	 0.735	2.8281	0.9500	0.0806	0.1746	7.8180e-002	7.8180e-002	4.14340e-001
28.06667	 3.764	 0.718	2.8249	0.9513	0.0788	0.1719	7.6437e-002	7.6437e-002	4.04965e-001
28.08333	 3.749	 0.703	2.8216	0.9526	0.0771	0.1695	7.4801e-002	7.4801e-002	3.96156e-001
28.10000	 3.734	 0.688	2.8184	0.9539	0.0754	0.1671	7.3164e-002	7.3164e-002	3.87348e-001
28.11667	 3.719	 0.672	2.8151	0.9551	0.0738	0.1646	7.1527e-002	7.1527e-002	3.78543e-001
28.13333	 3.705	 0.658	2.8119	0.9563	0.0722	0.1622	6.9997e-002	6.9997e-002	3.70303e-001
28.15000	 3.691	 0.644	2.8086	0.9575	0.0706	0.1599	6.8467e-002	6.8467e-002	3.62065e-001
28.16667	 3.675	 0.627	2.8054	0.9586	0.0688	0.1570	6.6724e-002	6.6724e-002	3.46721e-001
28.18333	 3.665	 0.617	2.8021	0.9598	0.0677	0.1556	6.5620e-002	6.5620e-002	3.46721e-001
28.20000	 3.651	 0.602	2.7989	0.9609	0.0661	0.1531	6.4090e-002	6.4090e-002	3.38490e-001
28.21667	 3.639	 0.590	2.7956	0.9619	0.0647	0.1510	6.2772e-002	6.2772e-002	3.31386e-001
28.23333	 3.628	 0.579	2.7924	0.9630	0.0635	0.1492	6.1561e-002	6.1561e-002	3.24846e-001
28.25000	 3.618	 0.568	2.7891	0.9640	0.0623	0.1477	6.0457e-002	6.0457e-002	3.18869e-001
28.26667	 3.607	 0.557	2.7858	0.9651	0.0611	0.1458	5.9246e-002	5.9246e-002	3.12333e-001
28.28333	 3.598	 0.548	2.7826	0.9661	0.0601	0.1444	5.8247e-002	5.8247e-002	3.06920e-001
28.30000	 3.590	 0.539	2.7793	0.9670	0.0591	0.1433	5.7356e-002	5.7356e-002	3.02070e-001
28.31667	 3.581	 0.530	2.7761	0.9680	0.0581	0.1419	5.6357e-002	5.6357e-002	2.96661e-001
28.33333	 3.572	 0.520	2.7728	0.9690	0.0571	0.1404	5.5359e-002	5.5359e-002	2.91254e-001
28.35000	 3.561	 0.509	2.7695	0.9699	0.0558	0.1384	5.4148e-002	5.4148e-002	2.84731e-001
28.36667	 3.556	 0.504	2.7663	0.9708	0.0552	0.1379	5.3576e-002	5.3576e-002	2.81566e-001
28.38333	 3.551	 0.498	2.7630	0.9717	0.0547	0.1375	5.3003e-002	5.3003e-002	2.78402e-001
28.40000	 3.542	 0.489	2.7597	0.9726	0.0536	0.1359	5.2005e-002	5.2005e-002	2.73004e-001
28.41667	 3.536	 0.482	2.7564	0.9735	0.0529	0.1352	5.1326e-002	5.1326e-002	2.65567e-001
28.43333	 3.530	 0.476	2.7532	0.9744	0.0522	0.1344	5.0647e-002	5.0647e-002	2.65567e-001
28.45000	 3.523	 0.469	2.7499	0.9752	0.0514	0.1333	4.9861e-002	4.9861e-002	2.61294e-001
28.46667	 3.518	 0.463	2.7466	0.9761	0.0508	0.1328	4.9289e-002	4.9289e-002	2.58139e-001
28.48333	 3.511	 0.456	2.7433	0.9769	0.0500	0.1316	4.8503e-002	4.8503e-002	2.53872e-001
28.50000	 3.505	 0.450	2.7401	0.9777	0.0493	0.1308	4.7824e-002	4.7824e-002	2.50165e-001
28.51667	 3.499	 0.443	2.7368	0.9785	0.0486	0.1299	4.7145e-002	4.7145e-002	2.46462e-001
28.53333	 3.495	 0.439	2.7335	0.9793	0.0481	0.1296	4.6679e-002	4.6679e-002	2.43874e-001
28.55000	 3.490	 0.433	2.7302	0.9801	0.0475	0.1290	4.6106e-002	4.6106e-002	2.40733e-001
28.56667	 3.486	 0.429	2.7269	0.9809	0.0471	0.1286	4.5640e-002	4.5640e-002	2.38151e-001
28.58333	 3.483	 0.426	2.7236	0.9817	0.0467	0.1286	4.5280e-002	4.5280e-002	2.36128e-001
28.60000	 3.480	 0.422	2.7203	0.9825	0.0463	0.1286	4.4920e-002	4.4920e-002	2.34108e-001
28.61667	 3.479	 0.421	2.7170	0.9832	0.0462	0.1291	4.4773e-002	4.4773e-002	2.33199e-001
28.63333	 3.479	 0.420	2.7137	0.9840	0.0461	0.1300	4.4732e-002	4.4732e-002	2.32848e-001
28.65000	 3.478	 0.419	2.7104	0.9848	0.0460	0.1305	4.4585e-002	4.4585e-002	2.31945e-001
28.66667	 3.478	 0.419	2.7072	0.9855	0.0459	0.1314	4.4544e-002	4.4544e-002	2.31600e-001
28.68333	 3.479	 0.419	2.7038	0.9863	0.0460	0.1326	4.4610e-002	4.4610e-002	2.31811e-001
28.70000	 3.479	 0.419	2.7005	0.9871	0.0460	0.1335	4.4569e-002	4.4569e-002	2.31474e-001
28.71667	 3.480	 0.420	2.6972	0.9878	0.0460	0.1347	4.4635e-002	4.4635e-002	2.29712e-001
28.73333	 3.477	 0.416	2.6939	0.9886	0.0457	0.1346	4.4275e-002	4.4275e-002	2.29712e-001
28.75000	 3.479	 0.418	2.6906	0.9894	0.0458	0.1362	4.4447e-002	4.4447e-002	2.30497e-001
28.76667	 3.480	 0.418	2.6873	0.9901	0.0459	0.1374	4.4513e-002	4.4513e-002	2.30737e-001
28.78333	 3.478	 0.416	2.6840	0.9909	0.0456	0.1377	4.4259e-002	4.4259e-002	2.29332e-001
28.80000	 3.473	 0.411	2.6807	0.9916	0.0450	0.1370	4.3686e-002	4.3686e-002	2.26284e-001
28.81667	 3.470	 0.407	2.6774	0.9924	0.0447	0.1369	4.3326e-002	4.3326e-002	2.24350e-001
28.83333	 3.462	 0.399	2.6741	0.9931	0.0438	0.1351	4.2435e-002	4.2435e-002	2.19675e-001
28.85000	 3.454	 0.390	2.6707	0.9938	0.0428	0.1333	4.1543e-002	4.1543e-002	2.15015e-001
28.86667	 3.445	 0.381	2.6674	0.9945	0.0418	0.1311	4.0545e-002	4.0545e-002	2.09819e-001
28.88333	 3.435	 0.371	2.6641	0.9952	0.0407	0.1285	3.9440e-002	3.9440e-002	2.04089e-001
28.90000	 3.421	 0.356	2.6608	0.9958	0.0391	0.1244	3.7910e-002	3.7910e-002	1.96172e-001
28.91667	 3.405	 0.340	2.6574	0.9965	0.0373	0.1196	3.6167e-002	3.6167e-002	1.87170e-001
28.93333	 3.385	 0.320	2.6541	0.9971	0.0351	0.1133	3.3999e-002	3.3999e-002	1.75979e-001
28.95000	 3.364	 0.298	2.6508	0.9976	0.0327	0.1066	3.1724e-002	3.1724e-002	1.64250e-001
28.96667	 3.339	 0.273	2.6474	0.9981	0.0299	0.0982	2.9023e-002	2.9023e-002	1.50326e-001
28.98333	 3.310	 0.243	2.6441	0.9985	0.0267	0.0883	2.5897e-002	2.5897e-002	1.34202e-001
29.00000	 3.281	 0.214	2.6407	0.9989	0.0235	0.0783	2.2772e-002	2.2772e-002	1.18077e-001
29.01667	 3.250	 0.183	2.6374	0.9993	0.0200	0.0673	1.9433e-002	1.9433e-002	1.00842e-001
29.03333	 3.215	 0.147	2.6340	0.9995	0.0162	0.0547	1.5669e-002	1.5669e-002	8.13821e-002
29.05000	 3.182	 0.114	2.6307	0.9997	0.0125	0.0426	1.2117e-002	1.2117e-002	6.30031e-002
29.06667	 3.147	 0.079	2.6273	0.9999	0.0086	0.0296	8.3529e-003	8.3529e-003	7.45087e-002
29.08333	 3.114	 0.045	2.6240	1.0000	0.0050	0.0172	4.8015e-003	4.8015e-003	6.36374e-002
29.10000	 3.085	 0.016	2.6213	1.0000	0.0017	0.0060	1.6756e-003	1.6756e-003	6.36374e-002