22.03333	 2.350	 0.119	4.1027	0.0000	0.0028	0.0003	2.7816e-003	2.7816e-003	1.10732e-002
22.05000	 2.356	 0.129	4.1005	0.0001	0.0029	0.0003	2.9158e-003	2.9158e-003	1.15963e-002
22.06667	 2.367	 0.134	4.0962	0.0001	0.0031	0.0004	3.0566e-003	3.0566e-003	1.21466e-002
22.08333	 2.377	 0.144	4.0919	0.0002	0.0032	0.0004	3.2041e-003	3.2041e-003	1.27254e-002
22.10000	 2.386	 0.152	4.0877	0.0003	0.0034	0.0004	3.3588e-003	3.3588e-003	1.33342e-002
22.11667	 2.397	 0.169	4.0792	0.0004	0.0037	0.0005	3.6908e-003	3.6908e-003	1.46475e-002
22.13333	 2.408	 0.179	4.0749	0.0004	0.0039	0.0005	3.8689e-003	3.8689e-003	1.53554e-002
22.15000	 2.420	 0.179	4.0749	0.0004	0.0039	0.0005	3.8689e-003	3.8689e-003	1.53554e-002
22.16667	 2.433	 0.190	4.0707	0.0005	0.0041	0.0005	4.0557e-003	4.0557e-003	1.60996e-002
22.18333	 2.448	 0.201	4.0665	0.0006	0.0043	0.0005	4.2514e-003	4.2514e-003	1.68819e-002
22.20000	 2.461	 0.215	4.0622	0.0007	0.0045	0.0006	4.4566e-003	4.4566e-003	1.77044e-002
22.21667	 2.476	 0.226	4.0580	0.0007	0.0047	0.0006	4.6717e-003	4.6717e-003	1.85689e-002
22.23333	 2.492	 0.240	4.0538	0.0008	0.0049	0.0006	4.8972e-003	4.8972e-003	1.94776e-002
22.25000	 2.506	 0.267	4.0454	0.0010	0.0054	0.0007	5.3814e-003	5.3814e-003	2.14364e-002
22.26667	 2.524	 0.284	4.0412	0.0011	0.0056	0.0008	5.6411e-003	5.6411e-003	2.24912e-002
22.28333	 2.541	 0.284	4.0412	0.0011	0.0056	0.0008	5.6411e-003	5.6411e-003	2.24912e-002
22.30000	 2.558	 0.299	4.0370	0.0012	0.0059	0.0008	5.9134e-003	5.9134e-003	2.35997e-002
22.31667	 2.577	 0.315	4.0329	0.0013	0.0061	0.0008	6.0880e-003	6.0880e-003	2.43220e-002
22.33333	 2.594	 0.333	4.0287	0.0014	0.0064	0.0009	6.4281e-003	6.4281e-003	2.57089e-002
22.35000	 2.617	 0.348	4.0245	0.0015	0.0067	0.0009	6.7295e-003	6.7295e-003	2.69457e-002
22.36667	 2.637	 0.388	4.0162	0.0017	0.0075	0.0011	7.5063e-003	7.5063e-003	3.01302e-002
22.38333	 2.657	 0.407	4.0121	0.0019	0.0079	0.0011	7.8658e-003	7.8658e-003	3.16139e-002
22.40000	 2.680	 0.407	4.0121	0.0019	0.0079	0.0011	7.8658e-003	7.8658e-003	3.16139e-002
22.41667	 2.703	 0.429	4.0079	0.0020	0.0083	0.0012	8.2831e-003	8.2831e-003	3.33359e-002
22.43333	 2.725	 0.450	4.0038	0.0022	0.0087	0.0013	8.7005e-003	8.7005e-003	3.50638e-002
22.45000	 2.751	 0.471	3.9997	0.0023	0.0091	0.0013	9.0986e-003	9.0986e-003	3.67195e-002
22.46667	 2.776	 0.495	3.9955	0.0025	0.0096	0.0014	9.5740e-003	9.5740e-003	3.86932e-002
22.48333	 2.802	 0.519	3.9914	0.0026	0.0100	0.0015	1.0030e-002	1.0030e-002	4.05954e-002
22.50000	 2.831	 0.571	3.9832	0.0030	0.0110	0.0017	1.1039e-002	1.1039e-002	4.48110e-002
22.51667	 2.858	 0.597	3.9791	0.0032	0.0115	0.0018	1.1533e-002	1.1533e-002	4.68901e-002
22.53333	 2.885	 0.597	3.9791	0.0032	0.0115	0.0018	1.1533e-002	1.1533e-002	4.68901e-002
22.55000	 2.916	 0.622	3.9750	0.0034	0.0120	0.0019	1.2028e-002	1.2028e-002	4.89759e-002
22.56667	 2.945	 0.652	3.9710	0.0036	0.0126	0.0020	1.2600e-002	1.2600e-002	5.13840e-002
22.58333	 2.975	 0.680	3.9669	0.0038	0.0131	0.0021	1.3133e-002	1.3133e-002	5.36419e-002
22.60000	 3.008	 0.708	3.9628	0.0040	0.0137	0.0022	1.3686e-002	1.3686e-002	5.59863e-002
22.61667	 3.042	 0.772	3.9547	0.0045	0.0149	0.0024	1.4927e-002	1.4927e-002	6.12526e-002
22.63333	 3.076	 0.805	3.9506	0.0048	0.0156	0.0026	1.5557e-002	1.5557e-002	6.39380e-002
22.65000	 3.113	 0.805	3.9506	0.0048	0.0156	0.0026	1.5557e-002	1.5557e-002	6.39380e-002
22.66667	 3.147	 0.841	3.9466	0.0051	0.0162	0.0027	1.6245e-002	1.6245e-002	6.68704e-002
22.68333	 3.181	 0.873	3.9425	0.0053	0.0169	0.0028	1.6875e-002	1.6875e-002	6.95729e-002
22.70000	 3.221	 0.906	3.9385	0.0056	0.0175	0.0030	1.7505e-002	1.7505e-002	7.22836e-002
22.71667	 3.257	 0.944	3.9345	0.0059	0.0183	0.0031	1.8250e-002	1.8250e-002	7.54821e-002
22.73333	 3.298	 0.979	3.9305	0.0063	0.0189	0.0033	1.8919e-002	1.8919e-002	7.83701e-002
22.75000	 3.338	 1.057	3.9224	0.0069	0.0204	0.0036	2.0430e-002	2.0430e-002	8.48943e-002
22.76667	 3.380	 1.098	3.9184	0.0073	0.0212	0.0038	2.1215e-002	2.1215e-002	8.82914e-002
22.78333	 3.426	 1.098	3.9184	0.0073	0.0212	0.0038	2.1215e-002	2.1215e-002	8.82914e-002
22.80000	 3.467	 1.142	3.9144	0.0076	0.0221	0.0040	2.2077e-002	2.2077e-002	9.20205e-002
22.81667	 3.512	 1.182	3.9104	0.0080	0.0228	0.0041	2.2842e-002	2.2842e-002	9.53569e-002
22.83333	 3.559	 1.226	3.9064	0.0084	0.0237	0.0043	2.3684e-002	2.3684e-002	9.90259e-002
22.85000	 3.604	 1.271	3.9025	0.0088	0.0246	0.0045	2.4566e-002	2.4566e-002	1.02867e-001
22.86667	 3.652	 1.361	3.8945	0.0097	0.0263	0.0049	2.6309e-002	2.6309e-002	1.10500e-001
22.88333	 3.701	 1.409	3.8906	0.0101	0.0272	0.0052	2.7229e-002	2.7229e-002	1.14536e-001
22.90000	 3.752	 1.459	3.8866	0.0106	0.0282	0.0054	2.8187e-002	2.8187e-002	1.18745e-001
22.91667	 3.803	 1.459	3.8866	0.0106	0.0282	0.0054	2.8187e-002	2.8187e-002	1.18745e-001
22.93333	 3.855	 1.508	3.8826	0.0111	0.0291	0.0056	2.9146e-002	2.9146e-002	1.22965e-001
22.95000	 3.908	 1.559	3.8787	0.0116	0.0301	0.0059	3.0123e-002	3.0123e-002	1.27279e-001
22.96667	 3.964	 1.610	3.8748	0.0121	0.0311	0.0061	3.1121e-002	3.1121e-002	1.31685e-001
22.98333	 4.021	 1.665	3.8708	0.0127	0.0322	0.0064	3.2176e-002	3.2176e-002	1.36349e-001
23.00000	 4.079	 1.777	3.8630	0.0138	0.0343	0.0069	3.4344e-002	3.4344e-002	1.45958e-001
23.01667	 4.137	 1.834	3.8590	0.0144	0.0354	0.0072	3.5438e-002	3.5438e-002	1.50823e-001
23.03333	 4.195	 1.834	3.8590	0.0144	0.0354	0.0072	3.5438e-002	3.5438e-002	1.50823e-001
23.05000	 4.256	 1.890	3.8551	0.0150	0.0365	0.0075	3.6532e-002	3.6532e-002	1.55700e-001
23.06667	 4.318	 1.950	3.8512	0.0156	0.0377	0.0078	3.7683e-002	3.7683e-002	1.60836e-001
23.08333	 4.382	 2.011	3.8473	0.0163	0.0389	0.0081	3.8854e-002	3.8854e-002	1.66068e-001
23.10000	 4.444	 2.073	3.8434	0.0169	0.0401	0.0085	4.0064e-002	4.0064e-002	1.71479e-001
23.11667	 4.509	 2.197	3.8356	0.0183	0.0425	0.0091	4.2464e-002	4.2464e-002	1.82257e-001
23.13333	 4.578	 2.265	3.8318	0.0191	0.0438	0.0095	4.3771e-002	4.3771e-002	1.88123e-001
23.15000	 4.647	 2.333	3.8279	0.0198	0.0451	0.0099	4.5077e-002	4.5077e-002	1.94003e-001
23.16667	 4.714	 2.333	3.8279	0.0198	0.0451	0.0099	4.5077e-002	4.5077e-002	1.94003e-001
23.18333	 4.784	 2.398	3.8240	0.0206	0.0463	0.0102	4.6345e-002	4.6345e-002	1.99731e-001
23.20000	 4.854	 2.467	3.8201	0.0214	0.0477	0.0106	4.7670e-002	4.7670e-002	2.05723e-001
23.21667	 4.926	 2.535	3.8163	0.0222	0.0490	0.0110	4.8996e-002	4.8996e-002	2.11729e-001
23.23333	 4.998	 2.677	3.8086	0.0239	0.0517	0.0118	5.1725e-002	5.1725e-002	2.24120e-001
23.25000	 5.073	 2.750	3.8047	0.0248	0.0532	0.0123	5.3147e-002	5.3147e-002	2.30589e-001
23.26667	 5.149	 2.825	3.8009	0.0257	0.0546	0.0127	5.4589e-002	5.4589e-002	2.37157e-001
23.28333	 5.225	 2.825	3.8009	0.0257	0.0546	0.0127	5.4589e-002	5.4589e-002	2.37157e-001
23.30000	 5.300	 2.899	3.7971	0.0266	0.0560	0.0132	5.6030e-002	5.6030e-002	2.43741e-001
23.31667	 5.379	 2.973	3.7932	0.0276	0.0575	0.0136	5.7453e-002	5.7453e-002	2.50256e-001
23.33333	 5.458	 3.050	3.7894	0.0286	0.0590	0.0141	5.8952e-002	5.8952e-002	2.57124e-001
23.35000	 5.539	 3.128	3.7856	0.0296	0.0605	0.0146	6.0452e-002	6.0452e-002	2.64008e-001
23.36667	 5.620	 3.287	3.7780	0.0317	0.0635	0.0156	6.3528e-002	6.3528e-002	2.78162e-001
23.38333	 5.702	 3.368	3.7742	0.0327	0.0651	0.0161	6.5086e-002	6.5086e-002	2.85349e-001
23.40000	 5.786	 3.450	3.7704	0.0339	0.0667	0.0167	6.6682e-002	6.6682e-002	2.92722e-001
23.41667	 5.872	 3.450	3.7704	0.0339	0.0667	0.0167	6.6682e-002	6.6682e-002	2.92722e-001
23.43333	 5.957	 3.535	3.7666	0.0350	0.0683	0.0172	6.8317e-002	6.8317e-002	3.00282e-001
23.45000	 6.044	 3.619	3.7628	0.0362	0.0699	0.0178	6.9933e-002	6.9933e-002	3.07775e-001
23.46667	 6.130	 3.704	3.7590	0.0373	0.0716	0.0184	7.1587e-002	7.1587e-002	3.15455e-001
23.48333	 6.217	 3.874	3.7514	0.0398	0.0749	0.0196	7.4876e-002	7.4876e-002	3.30784e-001
23.50000	 6.307	 3.963	3.7477	0.0411	0.0766	0.0202	7.6588e-002	7.6588e-002	3.38774e-001
23.51667	 6.396	 4.051	3.7439	0.0424	0.0783	0.0208	7.8281e-002	7.8281e-002	3.46696e-001
23.53333	 6.485	 4.138	3.7401	0.0437	0.0800	0.0214	7.9974e-002	7.9974e-002	3.54637e-001
23.55000	 6.579	 4.138	3.7401	0.0437	0.0800	0.0214	7.9974e-002	7.9974e-002	3.54637e-001
23.56667	 6.671	 4.231	3.7364	0.0451	0.0818	0.0221	8.1763e-002	8.1763e-002	3.63026e-001
23.58333	 6.765	 4.321	3.7326	0.0465	0.0835	0.0228	8.3514e-002	8.3514e-002	3.71261e-001
23.60000	 6.857	 4.414	3.7289	0.0479	0.0853	0.0235	8.5304e-002	8.5304e-002	3.79687e-001
23.61667	 6.951	 4.597	3.7214	0.0508	0.0888	0.0249	8.8844e-002	8.8844e-002	3.96425e-001
23.63333	 7.046	 4.691	3.7177	0.0523	0.0907	0.0256	9.0653e-002	9.0653e-002	4.04995e-001
23.65000	 7.142	 4.785	3.7140	0.0539	0.0925	0.0263	9.2481e-002	9.2481e-002	4.13671e-001
23.66667	 7.242	 4.785	3.7140	0.0539	0.0925	0.0263	9.2481e-002	9.2481e-002	4.13671e-001
23.68333	 7.338	 4.884	3.7102	0.0555	0.0944	0.0271	9.4386e-002	9.4386e-002	4.22713e-001
23.70000	 7.436	 4.979	3.7065	0.0571	0.0962	0.0279	9.6215e-002	9.6215e-002	4.31429e-001
23.71667	 7.536	 5.075	3.7028	0.0587	0.0981	0.0287	9.8081e-002	9.8081e-002	4.40337e-001
23.73333	 7.633	 5.269	3.6954	0.0621	0.1018	0.0303	1.0183e-001	1.0183e-001	4.58301e-001
23.75000	 7.734	 5.369	3.6917	0.0638	0.1038	0.0311	1.0376e-001	1.0376e-001	4.67531e-001
23.76667	 7.835	 5.469	3.6880	0.0656	0.1057	0.0320	1.0568e-001	1.0568e-001	4.76781e-001
23.78333	 7.934	 5.566	3.6843	0.0673	0.1076	0.0328	1.0757e-001	1.0757e-001	4.85877e-001
23.80000	 8.035	 5.566	3.6843	0.0673	0.1076	0.0328	1.0757e-001	1.0757e-001	4.85877e-001
23.81667	 8.136	 5.666	3.6806	0.0692	0.1095	0.0337	1.0949e-001	1.0949e-001	4.95167e-001
23.83333	 8.238	 5.765	3.6769	0.0710	0.1114	0.0346	1.1142e-001	1.1142e-001	5.04479e-001
23.85000	 8.340	 5.866	3.6733	0.0729	0.1134	0.0355	1.1336e-001	1.1336e-001	5.13898e-001
23.86667	 8.443	 6.068	3.6659	0.0768	0.1173	0.0373	1.1727e-001	1.1727e-001	5.32885e-001
23.88333	 8.549	 6.173	3.6623	0.0788	0.1193	0.0383	1.1929e-001	1.1929e-001	5.42716e-001
23.90000	 8.656	 6.278	3.6586	0.0808	0.1213	0.0393	1.2133e-001	1.2133e-001	5.52657e-001
23.91667	 8.760	 6.278	3.6586	0.0808	0.1213	0.0393	1.2133e-001	1.2133e-001	5.52657e-001
23.93333	 8.862	 6.381	3.6549	0.0829	0.1233	0.0402	1.2332e-001	1.2332e-001	5.62355e-001
23.95000	 8.969	 6.482	3.6513	0.0849	0.1253	0.0412	1.2526e-001	1.2526e-001	5.71897e-001
23.96667	 9.075	 6.587	3.6477	0.0871	0.1273	0.0422	1.2730e-001	1.2730e-001	5.81900e-001
23.98333	 9.183	 6.798	3.6404	0.0914	0.1314	0.0443	1.3138e-001	1.3138e-001	6.01970e-001
24.00000	 9.286	 6.900	3.6367	0.0936	0.1334	0.0454	1.3335e-001	1.3335e-001	6.11681e-001
24.01667	 9.396	 7.009	3.6331	0.0959	0.1355	0.0465	1.3544e-001	1.3544e-001	6.22033e-001
24.03333	 9.503	 7.114	3.6295	0.0982	0.1375	0.0476	1.3749e-001	1.3749e-001	6.32140e-001
24.05000	 9.608	 7.114	3.6295	0.0982	0.1375	0.0476	1.3749e-001	1.3749e-001	6.32140e-001
24.06667	 9.717	 7.218	3.6259	0.1005	0.1395	0.0487	1.3949e-001	1.3949e-001	6.42089e-001
24.08333	 9.823	 7.325	3.6222	0.1029	0.1416	0.0498	1.4157e-001	1.4157e-001	6.52415e-001
24.10000	 9.932	 7.430	3.6186	0.1053	0.1436	0.0509	1.4359e-001	1.4359e-001	6.62493e-001
24.11667	10.039	 7.643	3.6114	0.1101	0.1477	0.0533	1.4771e-001	1.4771e-001	6.83066e-001
24.13333	10.144	 7.747	3.6078	0.1126	0.1497	0.0544	1.4971e-001	1.4971e-001	6.93113e-001
24.15000	10.253	 7.854	3.6042	0.1152	0.1518	0.0557	1.5179e-001	1.5179e-001	7.03539e-001
24.16667	10.358	 7.854	3.6042	0.1152	0.1518	0.0557	1.5179e-001	1.5179e-001	7.03539e-001
24.18333	10.464	 7.958	3.6006	0.1177	0.1538	0.0569	1.5379e-001	1.5379e-001	7.13625e-001
24.20000	10.573	 8.063	3.5970	0.1203	0.1558	0.0581	1.5581e-001	1.5581e-001	7.23819e-001
24.21667	10.678	 8.170	3.5935	0.1230	0.1579	0.0593	1.5789e-001	1.5789e-001	7.34302e-001
24.23333	10.782	 8.376	3.5863	0.1283	0.1619	0.0619	1.6188e-001	1.6188e-001	7.54515e-001
24.25000	10.889	 8.482	3.5827	0.1311	0.1639	0.0632	1.6392e-001	1.6392e-001	7.64874e-001
24.26667	10.994	 8.586	3.5792	0.1338	0.1659	0.0644	1.6592e-001	1.6592e-001	7.75071e-001
24.28333	11.101	 8.691	3.5756	0.1366	0.1680	0.0658	1.6796e-001	1.6796e-001	7.85465e-001
24.30000	11.206	 8.691	3.5756	0.1366	0.1680	0.0658	1.6796e-001	1.6796e-001	7.85465e-001
24.31667	11.311	 8.795	3.5720	0.1395	0.1700	0.0671	1.6996e-001	1.6996e-001	7.95697e-001
24.33333	11.415	 8.898	3.5685	0.1423	0.1720	0.0685	1.7196e-001	1.7196e-001	8.05946e-001
24.35000	11.519	 9.001	3.5649	0.1452	0.1740	0.0698	1.7395e-001	1.7395e-001	8.16121e-001
24.36667	11.623	 9.206	3.5578	0.1511	0.1779	0.0726	1.7791e-001	1.7791e-001	8.36522e-001
24.38333	11.726	 9.308	3.5543	0.1541	0.1799	0.0740	1.7988e-001	1.7988e-001	8.46656e-001
24.40000	11.830	 9.410	3.5508	0.1571	0.1819	0.0754	1.8186e-001	1.8186e-001	8.56896e-001
24.41667	11.932	 9.511	3.5472	0.1602	0.1838	0.0768	1.8380e-001	1.8380e-001	8.66971e-001
24.43333	12.031	 9.511	3.5472	0.1602	0.1838	0.0768	1.8380e-001	1.8380e-001	8.66971e-001
24.45000	12.132	 9.609	3.5437	0.1633	0.1857	0.0783	1.8569e-001	1.8569e-001	8.76786e-001
24.46667	12.232	 9.708	3.5402	0.1664	0.1876	0.0797	1.8761e-001	1.8761e-001	8.86799e-001
24.48333	12.331	 9.904	3.5331	0.1728	0.1914	0.0827	1.9141e-001	1.9141e-001	9.06594e-001
24.50000	12.429	10.001	3.5296	0.1760	0.1933	0.0842	1.9327e-001	1.9327e-001	9.16375e-001
24.51667	12.526	10.097	3.5261	0.1792	0.1951	0.0856	1.9512e-001	1.9512e-001	9.26078e-001
24.53333	12.624	10.193	3.5226	0.1825	0.1970	0.0872	1.9699e-001	1.9699e-001	9.35885e-001
24.55000	12.720	10.193	3.5226	0.1825	0.1970	0.0872	1.9699e-001	1.9699e-001	9.35885e-001
24.56667	12.818	10.288	3.5191	0.1858	0.1988	0.0887	1.9882e-001	1.9882e-001	9.45522e-001
24.58333	12.911	10.384	3.5156	0.1892	0.2007	0.0902	2.0068e-001	2.0068e-001	9.55355e-001
24.60000	13.003	10.476	3.5121	0.1926	0.2025	0.0918	2.0245e-001	2.0245e-001	9.64741e-001
24.61667	13.098	10.660	3.5051	0.1994	0.2060	0.0949	2.0601e-001	2.0601e-001	9.83639e-001
24.63333	13.192	10.753	3.5016	0.2029	0.2078	0.0965	2.0780e-001	2.0780e-001	9.93151e-001
24.65000	13.282	10.841	3.4981	0.2064	0.2095	0.0981	2.0951e-001	2.0951e-001	1.00230e+000
24.66667	13.370	10.928	3.4946	0.2099	0.2112	0.0997	2.1119e-001	2.1119e-001	1.01128e+000
24.68333	13.458	10.928	3.4946	0.2099	0.2112	0.0997	2.1119e-001	2.1119e-001	1.01128e+000
24.70000	13.547	11.015	3.4911	0.2134	0.2129	0.1013	2.1286e-001	2.1286e-001	1.02027e+000
24.71667	13.634	11.102	3.4877	0.2170	0.2146	0.1029	2.1455e-001	2.1455e-001	1.02936e+000
24.73333	13.720	11.272	3.4807	0.2242	0.2179	0.1061	2.1784e-001	2.1784e-001	1.04711e+000
24.75000	13.805	11.356	3.4773	0.2279	0.2195	0.1078	2.1946e-001	2.1946e-001	1.05585e+000
24.76667	13.888	11.438	3.4738	0.2316	0.2210	0.1094	2.2103e-001	2.2103e-001	1.06442e+000
24.78333	13.970	11.518	3.4703	0.2353	0.2226	0.1111	2.2259e-001	2.2259e-001	1.07291e+000
24.80000	14.051	11.518	3.4703	0.2353	0.2226	0.1111	2.2259e-001	2.2259e-001	1.07291e+000
24.81667	14.131	11.598	3.4669	0.2390	0.2241	0.1127	2.2413e-001	2.2413e-001	1.08130e+000
24.83333	14.211	11.676	3.4634	0.2428	0.2257	0.1144	2.2565e-001	2.2565e-001	1.08962e+000
24.85000	14.289	11.755	3.4600	0.2466	0.2272	0.1161	2.2717e-001	2.2717e-001	1.09794e+000
24.86667	14.365	11.906	3.4531	0.2542	0.2301	0.1195	2.3009e-001	2.3009e-001	1.11403e+000
24.88333	14.440	11.980	3.4496	0.2581	0.2315	0.1212	2.3151e-001	2.3151e-001	1.12190e+000
24.90000	14.512	12.050	3.4462	0.2619	0.2329	0.1229	2.3288e-001	2.3288e-001	1.12950e+000
24.91667	14.587	12.124	3.4428	0.2659	0.2343	0.1246	2.3430e-001	2.3430e-001	1.13738e+000
24.93333	14.657	12.124	3.4428	0.2659	0.2343	0.1246	2.3430e-001	2.3430e-001	1.13738e+000
24.95000	14.730	12.192	3.4393	0.2698	0.2356	0.1263	2.3563e-001	2.3563e-001	1.14480e+000
24.96667	14.802	12.264	3.4359	0.2737	0.2370	0.1280	2.3701e-001	2.3701e-001	1.15250e+000
24.98333	14.870	12.401	3.4291	0.2817	0.2397	0.1315	2.3966e-001	2.3966e-001	1.16736e+000
25.00000	14.936	12.466	3.4256	0.2857	0.2409	0.1333	2.4091e-001	2.4091e-001	1.17441e+000
25.01667	15.001	12.529	3.4222	0.2897	0.2422	0.1350	2.4214e-001	2.4214e-001	1.18138e+000
25.03333	15.066	12.593	3.4188	0.2938	0.2434	0.1368	2.4337e-001	2.4337e-001	1.18835e+000
25.05000	15.131	12.657	3.4154	0.2979	0.2446	0.1385	2.4460e-001	2.4460e-001	1.19532e+000
25.06667	15.194	12.657	3.4154	0.2979	0.2446	0.1385	2.4460e-001	2.4460e-001	1.19532e+000
25.08333	15.257	12.718	3.4120	0.3020	0.2458	0.1403	2.4579e-001	2.4579e-001	1.20211e+000
25.10000	15.315	12.780	3.4086	0.3061	0.2470	0.1421	2.4698e-001	2.4698e-001	1.20890e+000
25.11667	15.372	12.892	3.4018	0.3144	0.2492	0.1456	2.4914e-001	2.4914e-001	1.22145e+000
25.13333	15.433	12.952	3.3984	0.3185	0.2503	0.1474	2.5030e-001	2.5030e-001	1.22806e+000
25.15000	15.489	13.006	3.3950	0.3227	0.2514	0.1492	2.5135e-001	2.5135e-001	1.23419e+000
25.16667	15.544	13.060	3.3916	0.3269	0.2524	0.1510	2.5239e-001	2.5239e-001	1.24024e+000
25.18333	15.596	13.060	3.3916	0.3269	0.2524	0.1510	2.5239e-001	2.5239e-001	1.24024e+000
25.20000	15.649	13.110	3.3882	0.3312	0.2534	0.1528	2.5337e-001	2.5337e-001	1.24599e+000
25.21667	15.701	13.162	3.3848	0.3354	0.2544	0.1546	2.5436e-001	2.5436e-001	1.25185e+000
25.23333	15.750	13.260	3.3781	0.3439	0.2563	0.1582	2.5626e-001	2.5626e-001	1.26308e+000
25.25000	15.800	13.309	3.3747	0.3482	0.2572	0.1600	2.5720e-001	2.5720e-001	1.26865e+000
25.26667	15.846	13.353	3.3713	0.3525	0.2581	0.1618	2.5806e-001	2.5806e-001	1.27384e+000
25.28333	15.893	13.399	3.3679	0.3568	0.2590	0.1636	2.5894e-001	2.5894e-001	1.27913e+000
25.30000	15.937	13.442	3.3646	0.3612	0.2598	0.1654	2.5977e-001	2.5977e-001	1.28412e+000
25.31667	15.980	13.442	3.3646	0.3612	0.2598	0.1654	2.5977e-001	2.5977e-001	1.28412e+000
25.33333	16.024	13.483	3.3612	0.3655	0.2606	0.1672	2.6057e-001	2.6057e-001	1.29402e+000
25.35000	16.064	13.526	3.3578	0.3699	0.2614	0.1690	2.6139e-001	2.6139e-001	1.29402e+000
25.36667	16.102	13.601	3.3511	0.3786	0.2629	0.1726	2.6285e-001	2.6285e-001	1.30305e+000
25.38333	16.140	13.638	3.3477	0.3830	0.2636	0.1744	2.6355e-001	2.6355e-001	1.30747e+000
25.40000	16.178	13.674	3.3444	0.3874	0.2643	0.1763	2.6426e-001	2.6426e-001	1.31188e+000
25.41667	16.211	13.706	3.3410	0.3918	0.2649	0.1780	2.6487e-001	2.6487e-001	1.31582e+000
25.43333	16.246	13.706	3.3410	0.3918	0.2649	0.1780	2.6487e-001	2.6487e-001	1.31582e+000
25.45000	16.278	13.739	3.3377	0.3962	0.2655	0.1799	2.6552e-001	2.6552e-001	1.31994e+000
25.46667	16.308	13.770	3.3343	0.4007	0.2661	0.1816	2.6611e-001	2.6611e-001	1.32378e+000
25.48333	16.338	13.827	3.3276	0.4096	0.2672	0.1852	2.6722e-001	2.6722e-001	1.33105e+000
25.50000	16.366	13.854	3.3243	0.4140	0.2677	0.1870	2.6773e-001	2.6773e-001	1.33449e+000
25.51667	16.390	13.876	3.3209	0.4185	0.2682	0.1888	2.6817e-001	2.6817e-001	1.33754e+000
25.53333	16.413	13.898	3.3176	0.4230	0.2686	0.1905	2.6859e-001	2.6859e-001	1.34049e+000
25.55000	16.436	13.920	3.3143	0.4275	0.2690	0.1923	2.6900e-001	2.6900e-001	1.34344e+000
25.56667	16.460	13.920	3.3143	0.4275	0.2690	0.1923	2.6900e-001	2.6900e-001	1.34344e+000
25.58333	16.480	13.942	3.3109	0.4320	0.2695	0.1941	2.6944e-001	2.6944e-001	1.34648e+000
25.60000	16.496	13.975	3.3043	0.4409	0.2701	0.1976	2.7008e-001	2.7008e-001	1.35139e+000
25.61667	16.510	13.988	3.3009	0.4455	0.2703	0.1993	2.7032e-001	2.7032e-001	1.35345e+000
25.63333	16.525	14.002	3.2976	0.4500	0.2706	0.2010	2.7059e-001	2.7059e-001	1.35560e+000
25.65000	16.539	14.014	3.2943	0.4545	0.2708	0.2027	2.7083e-001	2.7083e-001	1.35765e+000
25.66667	16.550	14.024	3.2910	0.4590	0.2710	0.2044	2.7102e-001	2.7102e-001	1.35941e+000
25.68333	16.559	14.024	3.2910	0.4590	0.2710	0.2044	2.7102e-001	2.7102e-001	1.35941e+000
25.70000	16.568	14.031	3.2876	0.4635	0.2712	0.2061	2.7116e-001	2.7116e-001	1.36096e+000
25.71667	16.576	14.039	3.2843	0.4680	0.2713	0.2078	2.7131e-001	2.7131e-001	1.36395e+000
25.73333	16.584	14.052	3.2777	0.4771	0.2716	0.2112	2.7156e-001	2.7156e-001	1.36539e+000
25.75000	16.585	14.052	3.2744	0.4816	0.2716	0.2128	2.7156e-001	2.7156e-001	1.36615e+000
25.76667	16.587	14.052	3.2711	0.4861	0.2716	0.2144	2.7157e-001	2.7157e-001	1.36699e+000
25.78333	16.585	14.049	3.2678	0.4907	0.2715	0.2160	2.7150e-001	2.7150e-001	1.36744e+000
25.80000	16.582	14.045	3.2645	0.4952	0.2714	0.2176	2.7142e-001	2.7142e-001	1.36778e+000
25.81667	16.579	14.045	3.2645	0.4952	0.2714	0.2176	2.7142e-001	2.7142e-001	1.36778e+000
25.83333	16.570	14.040	3.2612	0.4997	0.2714	0.2192	2.7133e-001	2.7133e-001	1.36811e+000
25.85000	16.561	14.019	3.2546	0.5087	0.2709	0.2222	2.7093e-001	2.7093e-001	1.36759e+000
25.86667	16.549	14.006	3.2513	0.5132	0.2707	0.2237	2.7067e-001	2.7067e-001	1.36702e+000
25.88333	16.533	13.989	3.2480	0.5178	0.2704	0.2251	2.7034e-001	2.7034e-001	1.36605e+000
25.90000	16.517	13.971	3.2447	0.5223	0.2700	0.2266	2.7000e-001	2.7000e-001	1.36507e+000
25.91667	16.499	13.952	3.2414	0.5267	0.2696	0.2280	2.6962e-001	2.6962e-001	1.36389e+000
25.93333	16.479	13.930	3.2381	0.5312	0.2692	0.2294	2.6921e-001	2.6921e-001	1.36251e+000
25.95000	16.458	13.930	3.2381	0.5312	0.2692	0.2294	2.6921e-001	2.6921e-001	1.36251e+000
25.96667	16.434	13.908	3.2348	0.5357	0.2688	0.2307	2.6878e-001	2.6878e-001	1.36101e+000
25.98333	16.408	13.855	3.2282	0.5446	0.2678	0.2334	2.6776e-001	2.6776e-001	1.35721e+000
26.00000	16.383	13.829	3.2249	0.5491	0.2673	0.2347	2.6725e-001	2.6725e-001	1.35529e+000
26.01667	16.357	13.801	3.2216	0.5535	0.2667	0.2360	2.6672e-001	2.6672e-001	1.35529e+000
26.03333	16.328	13.771	3.2184	0.5580	0.2661	0.2373	2.6613e-001	2.6613e-001	1.35094e+000
26.05000	16.296	13.738	3.2151	0.5624	0.2655	0.2385	2.6548e-001	2.6548e-001	1.34830e+000
26.06667	16.262	13.738	3.2151	0.5624	0.2655	0.2385	2.6548e-001	2.6548e-001	1.34830e+000
26.08333	16.228	13.702	3.2118	0.5668	0.2648	0.2397	2.6480e-001	2.6480e-001	1.34546e+000
26.10000	16.190	13.627	3.2052	0.5756	0.2634	0.2420	2.6335e-001	2.6335e-001	1.33934e+000
26.11667	16.149	13.585	3.2020	0.5800	0.2626	0.2431	2.6253e-001	2.6253e-001	1.33578e+000
26.13333	16.108	13.543	3.1987	0.5843	0.2617	0.2441	2.6172e-001	2.6172e-001	1.33220e+000
26.15000	16.070	13.503	3.1954	0.5887	0.2610	0.2453	2.6095e-001	2.6095e-001	1.32890e+000
26.16667	16.027	13.459	3.1921	0.5930	0.2601	0.2463	2.6010e-001	2.6010e-001	1.32510e+000
26.18333	15.977	13.407	3.1889	0.5973	0.2591	0.2472	2.5910e-001	2.5910e-001	1.32060e+000
26.20000	15.927	13.407	3.1889	0.5973	0.2591	0.2472	2.5910e-001	2.5910e-001	1.32060e+000
26.21667	15.876	13.356	3.1856	0.6016	0.2581	0.2481	2.5811e-001	2.5811e-001	1.31609e+000
26.23333	15.823	13.249	3.1791	0.6102	0.2561	0.2499	2.5605e-001	2.5605e-001	1.30663e+000
26.25000	15.765	13.190	3.1758	0.6144	0.2549	0.2506	2.5490e-001	2.5490e-001	1.30128e+000
26.26667	15.710	13.133	3.1725	0.6187	0.2538	0.2514	2.5381e-001	2.5381e-001	1.29075e+000
26.28333	15.651	13.073	3.1693	0.6229	0.2527	0.2522	2.5264e-001	2.5264e-001	1.29075e+000
26.30000	15.591	13.012	3.1660	0.6271	0.2515	0.2529	2.5145e-001	2.5145e-001	1.28517e+000
26.31667	15.534	13.012	3.1660	0.6271	0.2515	0.2529	2.5145e-001	2.5145e-001	1.28517e+000
26.33333	15.472	12.953	3.1628	0.6312	0.2503	0.2536	2.5032e-001	2.5032e-001	1.27988e+000
26.35000	15.412	12.828	3.1562	0.6395	0.2479	0.2550	2.4791e-001	2.4791e-001	1.26845e+000
26.36667	15.351	12.766	3.1530	0.6436	0.2467	0.2557	2.4671e-001	2.4671e-001	1.26272e+000
26.38333	15.290	12.703	3.1497	0.6477	0.2455	0.2563	2.4550e-001	2.4550e-001	1.25697e+000
26.40000	15.225	12.637	3.1465	0.6518	0.2442	0.2569	2.4422e-001	2.4422e-001	1.25081e+000
26.41667	15.161	12.572	3.1432	0.6559	0.2430	0.2575	2.4295e-001	2.4295e-001	1.24474e+000
26.43333	15.096	12.505	3.1400	0.6599	0.2417	0.2581	2.4167e-001	2.4167e-001	1.23856e+000
26.45000	15.029	12.505	3.1400	0.6599	0.2417	0.2581	2.4167e-001	2.4167e-001	1.23856e+000
26.46667	14.959	12.437	3.1367	0.6639	0.2404	0.2586	2.4035e-001	2.4035e-001	1.23216e+000
26.48333	14.891	12.296	3.1302	0.6718	0.2376	0.2595	2.3763e-001	2.3763e-001	1.21894e+000
26.50000	14.822	12.226	3.1270	0.6758	0.2363	0.2600	2.3627e-001	2.3627e-001	1.21230e+000
26.51667	14.749	12.151	3.1237	0.6797	0.2348	0.2603	2.3483e-001	2.3483e-001	1.19840e+000
26.53333	14.678	12.079	3.1205	0.6836	0.2334	0.2607	2.3343e-001	2.3343e-001	1.19840e+000
26.55000	14.603	12.002	3.1172	0.6874	0.2320	0.2610	2.3195e-001	2.3195e-001	1.19113e+000
26.56667	14.530	11.928	3.1140	0.6913	0.2305	0.2613	2.3052e-001	2.3052e-001	1.18405e+000
26.58333	14.451	11.928	3.1140	0.6913	0.2305	0.2613	2.3052e-001	2.3052e-001	1.18405e+000
26.60000	14.374	11.769	3.1075	0.6989	0.2275	0.2617	2.2745e-001	2.2745e-001	1.16885e+000
26.61667	14.293	11.687	3.1042	0.7026	0.2259	0.2619	2.2585e-001	2.2585e-001	1.16094e+000
26.63333	14.213	11.605	3.1010	0.7064	0.2243	0.2620	2.2428e-001	2.2428e-001	1.15311e+000
26.65000	14.132	11.523	3.0978	0.7101	0.2227	0.2621	2.2269e-001	2.2269e-001	1.14517e+000
26.66667	14.049	11.439	3.0945	0.7138	0.2211	0.2621	2.2106e-001	2.2106e-001	1.13702e+000
26.68333	13.969	11.357	3.0913	0.7174	0.2195	0.2622	2.1948e-001	2.1948e-001	1.12915e+000
26.70000	13.884	11.357	3.0913	0.7174	0.2195	0.2622	2.1948e-001	2.1948e-001	1.12915e+000
26.71667	13.802	11.271	3.0880	0.7211	0.2178	0.2621	2.1781e-001	2.1781e-001	1.12078e+000
26.73333	13.719	11.103	3.0816	0.7282	0.2146	0.2621	2.1457e-001	2.1457e-001	1.10449e+000
26.75000	13.639	11.022	3.0783	0.7318	0.2130	0.2621	2.1300e-001	2.1300e-001	1.08865e+000
26.76667	13.559	10.940	3.0751	0.7353	0.2114	0.2621	2.1143e-001	2.1143e-001	1.08865e+000
26.78333	13.478	10.858	3.0719	0.7388	0.2098	0.2621	2.0983e-001	2.0983e-001	1.08061e+000
26.80000	13.398	10.776	3.0686	0.7423	0.2083	0.2621	2.0826e-001	2.0826e-001	1.07267e+000
26.81667	13.319	10.696	3.0654	0.7457	0.2067	0.2621	2.0671e-001	2.0671e-001	1.06481e+000
26.83333	13.238	10.696	3.0654	0.7457	0.2067	0.2621	2.0671e-001	2.0671e-001	1.06481e+000
26.85000	13.160	10.534	3.0589	0.7525	0.2036	0.2620	2.0358e-001	2.0358e-001	1.04897e+000
26.86667	13.081	10.454	3.0557	0.7559	0.2020	0.2619	2.0203e-001	2.0203e-001	1.04108e+000
26.88333	13.001	10.372	3.0524	0.7592	0.2005	0.2618	2.0045e-001	2.0045e-001	1.03309e+000
26.90000	12.919	10.289	3.0492	0.7626	0.1989	0.2617	1.9884e-001	1.9884e-001	1.02488e+000
26.91667	12.838	10.207	3.0460	0.7658	0.1973	0.2615	1.9725e-001	1.9725e-001	1.01677e+000
26.93333	12.758	10.125	3.0427	0.7691	0.1957	0.2614	1.9567e-001	1.9567e-001	1.00875e+000
26.95000	12.672	10.125	3.0427	0.7691	0.1957	0.2614	1.9567e-001	1.9567e-001	1.00875e+000
26.96667	12.590	10.038	3.0395	0.7723	0.1940	0.2611	1.9399e-001	1.9399e-001	1.00012e+000
26.98333	12.508	 9.871	3.0331	0.7787	0.1908	0.2606	1.9076e-001	1.9076e-001	9.75376e-001
27.00000	12.426	 9.788	3.0298	0.7819	0.1892	0.2603	1.8915e-001	1.8915e-001	9.75376e-001
27.01667	12.342	 9.702	3.0266	0.7850	0.1875	0.2600	1.8750e-001	1.8750e-001	9.66914e-001
27.03333	12.258	 9.617	3.0234	0.7881	0.1859	0.2596	1.8585e-001	1.8585e-001	9.58445e-001
27.05000	12.176	 9.533	3.0201	0.7912	0.1842	0.2593	1.8424e-001	1.8424e-001	9.50167e-001
27.06667	12.090	 9.446	3.0169	0.7942	0.1826	0.2588	1.8255e-001	1.8255e-001	9.41485e-001
27.08333	12.007	 9.446	3.0169	0.7942	0.1826	0.2588	1.8255e-001	1.8255e-001	9.41485e-001
27.10000	11.919	 9.272	3.0104	0.8002	0.1792	0.2578	1.7919e-001	1.7919e-001	9.24199e-001
27.11667	11.836	 9.188	3.0072	0.8032	0.1776	0.2574	1.7756e-001	1.7756e-001	9.15796e-001
27.13333	11.750	 9.100	3.0040	0.8061	0.1759	0.2569	1.7587e-001	1.7587e-001	9.07088e-001
27.15000	11.666	 9.015	3.0008	0.8090	0.1742	0.2563	1.7422e-001	1.7422e-001	8.98574e-001
27.16667	11.576	 8.924	2.9975	0.8119	0.1725	0.2556	1.7245e-001	1.7245e-001	8.89456e-001
27.18333	11.489	 8.835	2.9943	0.8147	0.1708	0.2550	1.7074e-001	1.7074e-001	8.80632e-001
27.20000	11.401	 8.835	2.9943	0.8147	0.1708	0.2550	1.7074e-001	1.7074e-001	8.80632e-001
27.21667	11.317	 8.746	2.9911	0.8175	0.1690	0.2543	1.6902e-001	1.6902e-001	8.63169e-001
27.23333	11.234	 8.576	2.9846	0.8231	0.1657	0.2531	1.6573e-001	1.6573e-001	8.54729e-001
27.25000	11.149	 8.490	2.9814	0.8258	0.1641	0.2524	1.6407e-001	1.6407e-001	8.46086e-001
27.26667	11.070	 8.409	2.9781	0.8285	0.1625	0.2519	1.6251e-001	1.6251e-001	8.38037e-001
27.28333	10.993	 8.331	2.9749	0.8312	0.1610	0.2514	1.6100e-001	1.6100e-001	8.30183e-001
27.30000	10.917	 8.253	2.9717	0.8339	0.1595	0.2509	1.5950e-001	1.5950e-001	8.22425e-001
27.31667	10.839	 8.174	2.9685	0.8365	0.1580	0.2504	1.5797e-001	1.5797e-001	8.14464e-001
27.33333	10.766	 8.174	2.9685	0.8365	0.1580	0.2504	1.5797e-001	1.5797e-001	8.14464e-001
27.35000	10.690	 8.022	2.9620	0.8417	0.1550	0.2494	1.5503e-001	1.5503e-001	7.99229e-001
27.36667	10.618	 7.949	2.9588	0.8443	0.1536	0.2490	1.5361e-001	1.5361e-001	7.91857e-001
27.38333	10.546	 7.875	2.9555	0.8468	0.1522	0.2485	1.5219e-001	1.5219e-001	7.84481e-001
27.40000	10.472	 7.800	2.9523	0.8493	0.1507	0.2480	1.5074e-001	1.5074e-001	7.76903e-001
27.41667	10.400	 7.727	2.9491	0.8518	0.1493	0.2475	1.4932e-001	1.4932e-001	7.69522e-001
27.43333	10.329	 7.654	2.9458	0.8543	0.1479	0.2470	1.4792e-001	1.4792e-001	7.54852e-001
27.45000	10.257	 7.581	2.9426	0.8567	0.1465	0.2464	1.4650e-001	1.4650e-001	7.54852e-001
27.46667	10.184	 7.581	2.9426	0.8567	0.1465	0.2464	1.4650e-001	1.4650e-001	7.54852e-001
27.48333	10.112	 7.433	2.9361	0.8615	0.1437	0.2453	1.4365e-001	1.4365e-001	7.39973e-001
27.50000	10.037	 7.357	2.9329	0.8639	0.1422	0.2446	1.4217e-001	1.4217e-001	7.32282e-001
27.51667	 9.964	 7.282	2.9297	0.8662	0.1407	0.2439	1.4073e-001	1.4073e-001	7.24789e-001
27.53333	 9.892	 7.209	2.9264	0.8686	0.1393	0.2432	1.3931e-001	1.3931e-001	7.17393e-001
27.55000	 9.822	 7.137	2.9232	0.8709	0.1379	0.2426	1.3793e-001	1.3793e-001	7.10194e-001
27.56667	 9.748	 7.062	2.9200	0.8731	0.1365	0.2419	1.3648e-001	1.3648e-001	7.02596e-001
27.58333	 9.677	 7.062	2.9200	0.8731	0.1365	0.2419	1.3648e-001	1.3648e-001	7.02596e-001
27.60000	 9.607	 6.918	2.9135	0.8776	0.1337	0.2405	1.3370e-001	1.3370e-001	6.88092e-001
27.61667	 9.538	 6.848	2.9103	0.8798	0.1323	0.2398	1.3234e-001	1.3234e-001	6.80987e-001
27.63333	 9.471	 6.779	2.9070	0.8820	0.1310	0.2392	1.3101e-001	1.3101e-001	6.74079e-001
27.65000	 9.404	 6.711	2.9038	0.8842	0.1297	0.2386	1.2969e-001	1.2969e-001	6.60460e-001
27.66667	 9.339	 6.645	2.9005	0.8863	0.1284	0.2380	1.2841e-001	1.2841e-001	6.60460e-001
27.68333	 9.270	 6.574	2.8973	0.8884	0.1271	0.2372	1.2705e-001	1.2705e-001	6.53350e-001
27.70000	 9.204	 6.507	2.8941	0.8905	0.1258	0.2365	1.2575e-001	1.2575e-001	6.46537e-001
27.71667	 9.137	 6.507	2.8941	0.8905	0.1258	0.2365	1.2575e-001	1.2575e-001	6.46537e-001
27.73333	 9.069	 6.369	2.8876	0.8946	0.1231	0.2350	1.2308e-001	1.2308e-001	6.32610e-001
27.75000	 8.999	 6.298	2.8843	0.8967	0.1217	0.2341	1.2170e-001	1.2170e-001	6.25396e-001
27.76667	 8.931	 6.228	2.8811	0.8987	0.1204	0.2333	1.2036e-001	1.2036e-001	6.18381e-001
27.78333	 8.866	 6.162	2.8778	0.9007	0.1191	0.2325	1.1908e-001	1.1908e-001	6.11662e-001
27.80000	 8.796	 6.090	2.8746	0.9026	0.1177	0.2316	1.1770e-001	1.1770e-001	6.04446e-001
27.81667	 8.726	 6.019	2.8714	0.9046	0.1163	0.2306	1.1632e-001	1.1632e-001	5.97230e-001
27.83333	 8.658	 6.019	2.8714	0.9046	0.1163	0.2306	1.1632e-001	1.1632e-001	5.97230e-001
27.85000	 8.589	 5.879	2.8649	0.9084	0.1136	0.2286	1.1362e-001	1.1362e-001	5.83092e-001
27.86667	 8.519	 5.808	2.8616	0.9102	0.1122	0.2275	1.1224e-001	1.1224e-001	5.75873e-001
27.88333	 8.451	 5.738	2.8584	0.9121	0.1109	0.2265	1.1090e-001	1.1090e-001	5.68852e-001
27.90000	 8.383	 5.669	2.8551	0.9139	0.1096	0.2254	1.0955e-001	1.0955e-001	5.68852e-001
27.91667	 8.319	 5.603	2.8519	0.9157	0.1083	0.2245	1.0829e-001	1.0829e-001	5.55204e-001
27.93333	 8.255	 5.538	2.8486	0.9175	0.1070	0.2235	1.0703e-001	1.0703e-001	5.48578e-001
27.95000	 8.191	 5.473	2.8454	0.9193	0.1058	0.2226	1.0576e-001	1.0576e-001	5.41950e-001
27.96667	 8.132	 5.473	2.8454	0.9193	0.1058	0.2226	1.0576e-001	1.0576e-001	5.41950e-001
27.98333	 8.072	 5.351	2.8389	0.9227	0.1034	0.2209	1.0341e-001	1.0341e-001	5.29584e-001
28.00000	 8.017	 5.294	2.8356	0.9244	0.1023	0.2202	1.0232e-001	1.0232e-001	5.23844e-001
28.01667	 7.960	 5.236	2.8323	0.9261	0.1012	0.2194	1.0119e-001	1.0119e-001	5.17906e-001
28.03333	 7.907	 5.182	2.8291	0.9278	0.1001	0.2188	1.0014e-001	1.0014e-001	5.12362e-001
28.05000	 7.856	 5.129	2.8258	0.9294	0.0991	0.2182	9.9126e-002	9.9126e-002	5.07015e-001
28.06667	 7.808	 5.080	2.8226	0.9311	0.0982	0.2177	9.8171e-002	9.8171e-002	5.01962e-001
28.08333	 7.758	 5.028	2.8193	0.9327	0.0972	0.2171	9.7178e-002	9.7178e-002	4.96711e-001
28.10000	 7.710	 4.979	2.8160	0.9343	0.0962	0.2166	9.6223e-002	9.6223e-002	4.91656e-001
28.11667	 7.663	 4.931	2.8128	0.9359	0.0953	0.2161	9.5287e-002	9.5287e-002	4.86698e-001
28.13333	 7.614	 4.880	2.8095	0.9375	0.0943	0.2155	9.4313e-002	9.4313e-002	4.76778e-001
28.15000	 7.569	 4.834	2.8062	0.9390	0.0934	0.2151	9.3417e-002	9.3417e-002	4.76778e-001
28.16667	 7.524	 4.787	2.8030	0.9406	0.0925	0.2147	9.2520e-002	9.2520e-002	4.72013e-001
28.18333	 7.478	 4.740	2.7997	0.9421	0.0916	0.2141	9.1604e-002	9.1604e-002	4.67148e-001
28.20000	 7.431	 4.692	2.7964	0.9436	0.0907	0.2135	9.0668e-002	9.0668e-002	4.62183e-001
28.21667	 7.386	 4.645	2.7932	0.9451	0.0898	0.2130	8.9772e-002	8.9772e-002	4.57414e-001
28.23333	 7.340	 4.598	2.7899	0.9466	0.0889	0.2125	8.8856e-002	8.8856e-002	4.52545e-001
28.25000	 7.292	 4.548	2.7866	0.9480	0.0879	0.2118	8.7901e-002	8.7901e-002	4.47479e-001
28.26667	 7.247	 4.502	2.7833	0.9495	0.0870	0.2112	8.7004e-002	8.7004e-002	4.42707e-001
28.28333	 7.201	 4.455	2.7801	0.9509	0.0861	0.2106	8.6088e-002	8.6088e-002	4.37836e-001
28.30000	 7.153	 4.405	2.7768	0.9523	0.0851	0.2098	8.5133e-002	8.5133e-002	4.32768e-001
28.31667	 7.107	 4.358	2.7735	0.9537	0.0842	0.2091	8.4217e-002	8.4217e-002	4.27896e-001
28.33333	 7.057	 4.306	2.7702	0.9551	0.0832	0.2082	8.3224e-002	8.3224e-002	4.22631e-001
28.35000	 7.009	 4.257	2.7669	0.9565	0.0823	0.2074	8.2269e-002	8.2269e-002	4.17563e-001
28.36667	 6.960	 4.207	2.7637	0.9579	0.0813	0.2065	8.1295e-002	8.1295e-002	4.12398e-001
28.38333	 6.909	 4.154	2.7604	0.9592	0.0803	0.2055	8.0282e-002	8.0282e-002	4.07037e-001
28.40000	 6.858	 4.102	2.7571	0.9605	0.0793	0.2044	7.9270e-002	7.9270e-002	4.01677e-001
28.41667	 6.807	 4.049	2.7538	0.9618	0.0783	0.2033	7.8257e-002	7.8257e-002	3.90865e-001
28.43333	 6.755	 3.996	2.7505	0.9631	0.0772	0.2022	7.7225e-002	7.7225e-002	3.90865e-001
28.45000	 6.703	 3.943	2.7472	0.9644	0.0762	0.2010	7.6193e-002	7.6193e-002	3.85414e-001
28.46667	 6.649	 3.887	2.7439	0.9656	0.0751	0.1997	7.5122e-002	7.5122e-002	3.79770e-001
28.48333	 6.595	 3.832	2.7406	0.9669	0.0741	0.1983	7.4052e-002	7.4052e-002	3.74129e-001
28.50000	 6.541	 3.776	2.7373	0.9681	0.0730	0.1970	7.2981e-002	7.2981e-002	3.68491e-001
28.51667	 6.487	 3.721	2.7340	0.9693	0.0719	0.1955	7.1910e-002	7.1910e-002	3.62858e-001
28.53333	 6.433	 3.666	2.7307	0.9705	0.0708	0.1941	7.0840e-002	7.0840e-002	3.57230e-001
28.55000	 6.380	 3.611	2.7274	0.9716	0.0698	0.1927	6.9788e-002	6.9788e-002	3.51703e-001
28.56667	 6.323	 3.553	2.7241	0.9728	0.0687	0.1910	6.8660e-002	6.8660e-002	3.45793e-001
28.58333	 6.272	 3.500	2.7208	0.9739	0.0677	0.1896	6.7647e-002	6.7647e-002	3.40472e-001
28.60000	 6.221	 3.448	2.7175	0.9750	0.0666	0.1882	6.6634e-002	6.6634e-002	3.35158e-001
28.61667	 6.169	 3.395	2.7142	0.9761	0.0656	0.1867	6.5602e-002	6.5602e-002	3.29753e-001
28.63333	 6.118	 3.342	2.7109	0.9772	0.0646	0.1853	6.4590e-002	6.4590e-002	3.24452e-001
28.65000	 6.069	 3.292	2.7076	0.9782	0.0636	0.1839	6.3616e-002	6.3616e-002	3.19352e-001
28.66667	 6.021	 3.242	2.7043	0.9793	0.0627	0.1825	6.2661e-002	6.2661e-002	3.14358e-001
28.68333	 5.975	 3.195	2.7009	0.9803	0.0617	0.1812	6.1745e-002	6.1745e-002	3.09565e-001
28.70000	 5.928	 3.147	2.6976	0.9813	0.0608	0.1798	6.0809e-002	6.0809e-002	3.04684e-001
28.71667	 5.884	 3.101	2.6943	0.9823	0.0599	0.1786	5.9932e-002	5.9932e-002	3.00103e-001
28.73333	 5.838	 3.054	2.6910	0.9833	0.0590	0.1772	5.9016e-002	5.9016e-002	2.90583e-001
28.75000	 5.792	 3.006	2.6876	0.9843	0.0581	0.1758	5.8100e-002	5.8100e-002	2.90583e-001
28.76667	 5.745	 2.958	2.6843	0.9852	0.0572	0.1743	5.7164e-002	5.7164e-002	2.85742e-001
28.78333	 5.700	 2.912	2.6810	0.9862	0.0563	0.1729	5.6268e-002	5.6268e-002	2.81106e-001
28.80000	 5.654	 2.864	2.6777	0.9871	0.0554	0.1714	5.5352e-002	5.5352e-002	2.76386e-001
28.81667	 5.601	 2.810	2.6743	0.9880	0.0543	0.1694	5.4300e-002	5.4300e-002	2.71004e-001
28.83333	 5.548	 2.755	2.6710	0.9889	0.0533	0.1674	5.3249e-002	5.3249e-002	2.65636e-001
28.85000	 5.491	 2.697	2.6676	0.9897	0.0521	0.1651	5.2120e-002	5.2120e-002	2.59897e-001
28.86667	 5.430	 2.635	2.6643	0.9906	0.0509	0.1626	5.0914e-002	5.0914e-002	2.53788e-001
28.88333	 5.362	 2.565	2.6610	0.9914	0.0496	0.1595	4.9573e-002	4.9573e-002	2.47021e-001
28.90000	 5.291	 2.493	2.6576	0.9922	0.0482	0.1562	4.8174e-002	4.8174e-002	2.39983e-001
28.91667	 5.211	 2.411	2.6543	0.9930	0.0466	0.1523	4.6601e-002	4.6601e-002	2.32095e-001
28.93333	 5.122	 2.321	2.6509	0.9937	0.0449	0.1477	4.4854e-002	4.4854e-002	2.23359e-001
28.95000	 5.025	 2.223	2.6476	0.9945	0.0430	0.1425	4.2952e-002	4.2952e-002	2.13871e-001
28.96667	 4.921	 2.117	2.6442	0.9951	0.0409	0.1368	4.0915e-002	4.0915e-002	2.03727e-001
28.98333	 4.807	 2.002	2.6409	0.9958	0.0387	0.1304	3.8685e-002	3.8685e-002	1.92637e-001
29.00000	 4.687	 1.880	2.6375	0.9964	0.0363	0.1234	3.6339e-002	3.6339e-002	1.80984e-001
29.01667	 4.559	 1.751	2.6341	0.9970	0.0338	0.1158	3.3838e-002	3.3838e-002	1.68573e-001
29.03333	 4.426	 1.617	2.6308	0.9975	0.0312	0.1078	3.1241e-002	3.1241e-002	1.55692e-001
29.05000	 4.288	 1.477	2.6274	0.9979	0.0285	0.0992	2.8547e-002	2.8547e-002	1.42335e-001
29.06667	 4.146	 1.334	2.6240	0.9984	0.0258	0.0903	2.5775e-002	2.5775e-002	1.28596e-001
29.08333	 4.004	 1.190	2.6207	0.9988	0.0230	0.0812	2.3004e-002	2.3004e-002	1.14856e-001
29.10000	 3.860	 1.045	2.6173	0.9991	0.0202	0.0718	2.0194e-002	2.0194e-002	1.00917e-001
29.11667	 3.720	 0.904	2.6139	0.9994	0.0175	0.0626	1.7461e-002	1.7461e-002	7.39662e-002
29.13333	 3.582	 0.764	2.6105	0.9996	0.0148	0.0534	1.4767e-002	1.4767e-002	8.10281e-002
29.15000	 3.451	 0.632	2.6072	0.9998	0.0122	0.0445	1.2209e-002	1.2209e-002	6.94403e-002
29.16667	 3.327	 0.506	2.6045	1.0000	0.0098	0.0359	9.7851e-003	9.7851e-003	6.94403e-002
29.18333	 3.213	 0.391	2.6012	0.0000	0.0000	0.0000	7.5549e-003	7.5549e-003	0.00000e+000