399.19608	1.75332
401.12457	1.69234
403.05305	1.62795
404.98153	1.56705
406.91002	1.51219
408.8385	1.46432
410.76698	1.41967
412.69547	1.37535
414.62395	1.33373
416.55243	1.2917
418.48092	1.24042
420.4094	1.19106
422.33788	1.15848
424.26637	1.13516
426.19485	1.11649
428.12333	1.1024
430.05182	1.09141
431.9803	1.08213
433.90878	1.07418
435.83727	1.0676
437.76575	1.06285
439.69423	1.05874
441.62272	1.05318
443.5512	1.04708
445.47969	1.04371
447.40817	1.04294
449.33665	1.04191
451.26514	1.03924
453.19362	1.03523
455.1221	1.03109
457.05059	1.02832
458.97907	1.0269
460.90755	1.0249
462.83604	1.02172
464.76452	1.01878
466.693	1.01693
468.62149	1.01514
470.54997	1.01239
472.47845	1.0088
474.40694	1.00461
476.33542	0.9997
478.26391	0.99397
480.19239	0.98775
482.12087	0.98182
484.04935	0.97652
485.97784	0.97169
487.90632	0.96688
489.83481	0.9619
491.76329	0.95722
493.69177	0.9534
495.62026	0.95017
497.54874	0.94709
499.47722	0.9446
501.40571	0.9431
503.33419	0.94165
505.26267	0.93936
507.19116	0.93676
509.11964	0.93412
511.04812	0.93075
512.97661	0.9264
514.90509	0.9216
516.83357	0.9169
518.76206	0.91271
520.69054	0.90887
522.61902	0.90482
524.54751	0.90035
526.47599	0.89574
528.40448	0.89135
530.33296	0.88721
532.26144	0.88328
534.18993	0.87965
536.11841	0.87649
538.04689	0.87368
539.97538	0.87079
541.90386	0.86772
543.83234	0.8647
545.76083	0.86195
547.68931	0.85989
549.61779	0.85882
551.54628	0.85855
553.47476	0.85872
555.40324	0.8592
557.33173	0.86016
559.26021	0.86186
561.18869	0.86435
563.11718	0.86731
565.04566	0.87027
566.97415	0.87313
568.90263	0.87624
570.83111	0.87955
572.75959	0.88274
574.68808	0.88597
576.61656	0.88949
578.54505	0.89298
580.47353	0.89603
582.40201	0.89844
584.3305	0.90034
586.25898	0.90217
588.18746	0.90406
590.11595	0.90593
592.04443	0.90785
593.97291	0.90975
595.9014	0.91183
597.82988	0.91482
599.75836	0.91925
601.68685	0.92455
603.61533	0.92951
605.54382	0.93396
607.4723	0.93911
609.40078	0.9463
611.32926	0.95612
613.25775	0.96846
615.18623	0.98295
617.11472	0.9985
619.0432	1.01311
620.97168	1.02558
622.90017	1.03631
624.82865	1.04618
626.75713	1.05543
628.68562	1.06397
630.6141	1.0719
632.54258	1.07969
634.47107	1.08818
636.39955	1.09822
638.32803	1.11013
640.25652	1.1235
642.185	1.13742
644.11348	1.15086
646.04197	1.16313
647.97045	1.17435
649.89894	1.18503
651.82742	1.19559
653.7559	1.20605
655.68439	1.21545
657.61287	1.22274
659.54135	1.22836
661.46984	1.23311
663.39832	1.23685
665.3268	1.24115
667.25529	1.25069
669.18377	1.26421
671.11225	1.2731
673.04074	1.27892
674.96922	1.28592
676.8977	1.29422
678.82619	1.30296
680.75467	1.312
682.68315	1.32105
684.61164	1.32969
686.54012	1.33781
688.46861	1.34547
690.39709	1.35268
692.32557	1.35936
694.25405	1.36554
696.18254	1.37143
698.11102	1.37718
700.0395	1.38226
701.96799	1.386
703.89647	1.38858
705.82496	1.39019
707.75344	1.38941
709.68192	1.38347
711.61041	1.36979
713.53889	1.34641
715.46737	1.31178
717.39586	1.26554
719.32434	1.21004
721.25282	1.15199
723.18131	1.10036
725.10979	1.06194
727.03827	1.04143
728.96676	1.0432
730.89524	1.07034
732.82372	1.12222
734.75221	1.19219
736.68069	1.26837
738.60918	1.33909
740.53766	1.3985
742.46614	1.44736
744.39463	1.49016
746.32311	1.53204
748.25159	1.57681
750.18008	1.62518
752.10856	1.67355
754.03704	1.71363
755.96553	1.73395
757.89401	1.72532
759.82249	1.68719
761.75098	1.62785
763.67946	1.55906
765.60794	1.49026
767.53643	1.42596
769.46491	1.36682
771.39339	1.31186
773.32188	1.26024
775.25036	1.21205
777.17885	1.16781
779.10733	1.12773
781.03581	1.09124
782.96429	1.05702
784.89278	1.02399
786.82126	0.99255
788.74975	0.96428
790.67823	0.94032
792.60671	0.92048
794.5352	0.90399
796.46368	0.89042
798.39216	0.87977
800.32065	0.87215
802.24913	0.86739
804.17761	0.86511
806.1061	0.86507
808.03458	0.86743
809.96306	0.87255
811.89155	0.88075
813.82003	0.89209
815.74852	0.90623
817.677	0.92225
819.60548	0.93867
821.53396	0.95322
823.46245	0.96307
825.39093	0.96595
827.31942	0.96167
829.2479	0.95217
831.17638	0.94032
833.10487	0.92872
835.03335	0.91959
836.96183	0.91493
838.89032	0.91669
840.8188	0.92636
842.74728	0.94402
844.67577	0.96706
846.60425	0.99062
848.53273	1.01154
850.46122	1.03309
852.3897	1.06476
854.31818	1.11645
856.24667	1.19258
858.17515	1.28931
860.10364	1.39512
862.03212	1.49585
863.9606	1.58183
865.88909	1.64954
867.81757	1.69639
869.74605	1.7145
871.67454	1.69286
873.60302	1.62718
875.5315	1.52674
877.45999	1.41091
879.38847	1.29939
881.31695	1.2057
883.24544	1.13649
885.17392	1.09367
887.1024	1.07483
889.03089	1.07393
890.95937	1.08305
892.88785	1.09457
894.81634	1.10328
896.74482	1.10745
898.67331	1.10801
900.60179	1.10689
902.53027	1.10591
904.45876	1.1061
906.38724	1.10755
908.31572	1.11022
910.2442	1.11418
912.17269	1.11919
914.10117	1.12455
916.02966	1.12965
917.95814	1.13403
919.88662	1.13738
921.81511	1.13963
923.74359	1.14099
925.67207	1.14235
927.60056	1.1454
929.52904	1.15185
931.45752	1.16144
933.38601	1.17048
935.31449	1.17373
937.24297	1.16958
939.17146	1.16209
941.09994	1.15699
943.02842	1.15739
944.95691	1.1634
946.88539	1.17403
948.81388	1.18821
950.74236	1.20407
952.67084	1.21718
954.59933	1.21986
956.52781	1.20399
958.45629	1.1681
960.38478	1.12127
962.31326	1.07731
964.24174	1.04587
966.17023	1.02941
968.09871	1.02556
970.02719	1.03074
971.95568	1.04206
973.88416	1.05746
975.81264	1.07543
977.74113	1.09463
979.66961	1.11377
981.59809	1.1318
983.52658	1.14871
985.45506	1.16567
987.38355	1.18406
989.31203	1.20449
991.24051	1.22693
993.169	1.25147
995.09748	1.27864
997.02596	1.30899
998.95445	1.34295
1000.88293	1.38109
1002.81141	1.42424
1004.7399	1.47325
1006.66838	1.52893
1008.59686	1.59274
1010.52535	1.66673
1012.45383	1.75269
1014.38231	1.85146
1016.3108	1.96277
1018.23928	2.08411
1020.16776	2.20976
1022.09625	2.33229
1024.02473	2.44646
1025.95322	2.54956
1027.8817	2.6434
1029.81018	2.7368
1031.73867	2.8374
1033.66715	2.9389
1035.59563	3.03231
1037.52412	3.12277
1039.4526	3.20187
1041.38108	3.24171
1043.30957	3.24805
1045.23805	3.248
1047.16653	3.24936
1049.09502	3.24141
1051.0235	3.20023
1052.95198	3.12242
1054.88047	3.04009
1056.80895	2.97851
1058.73743	2.94204
1060.66592	2.93071
1062.5944	2.95004
1064.52288	3.00623
1066.45137	3.09771
1068.37985	3.21506
1070.30833	3.35036
1072.23682	3.50433
1074.1653	3.67407
1076.09379	3.82449
1078.02227	3.88602
1079.95075	3.82513
1081.87924	3.72563
1083.80772	3.6863
1085.7362	3.73852
1087.66469	3.86951
1089.59317	4.03203
1091.52165	4.11566
1093.45014	4.01741
1095.37862	3.82574
1097.3071	3.67162
1099.23559	3.59946
1101.16407	3.59915
1103.09255	3.64578
1105.02104	3.72603
1106.94952	3.83071
1108.87801	3.92136
1110.80649	3.92919
1112.73497	3.83505
1114.66346	3.71824
1116.59194	3.64685
1118.52042	3.62162
1120.44891	3.63997
1122.37739	3.74254
1124.30587	3.94562
1126.23436	4.10896
1128.16284	4.07464
1130.09132	4.03007
1132.01981	4.13413
1133.94829	4.47198
1135.87677	4.78542
1137.80526	4.32477
1139.73374	3.98489
1141.66222	3.76825
1143.59071	3.54917
1145.51919	3.33708
1147.44767	3.15525
1149.37616	2.98739
1151.30464	2.82525
1153.23313	2.67968
1155.16161	2.56092
1157.09009	2.47169
1159.01858	2.41065
1160.94706	2.37754
1162.87554	2.37628
1164.80403	2.41453
1166.73251	2.50052
1168.66099	2.63806
1170.58948	2.82238
1172.51796	3.0396
1174.44644	3.26332
1176.37493	3.45589
1178.30341	3.61067
1180.23189	3.76303
1182.16038	3.93506
1184.08886	4.14321
1186.01734	4.29542
1187.94583	4.18079
1189.87431	4.03105
1191.80279	4.01077
1193.73128	4.07474
1195.65976	4.1093
1197.58824	4.06692
1199.51673	4.00445
1201.44521	3.96078
1203.3737	3.932
1205.30218	3.90022
1207.23066	3.8573
1209.15915	3.83268
1211.08763	3.87962
1213.01611	4.04499
1214.9446	4.38531
1216.87308	4.87976
1218.80156	4.56655
1220.73005	4.11549
1222.65853	3.89032
1224.58701	3.79757
1226.5155	3.77523
1228.44398	3.79428
1230.37246	3.81104
1232.30095	3.75422
1234.22943	3.63914
1236.15792	3.54636
1238.0864	3.49755
1240.01488	3.46638
1241.94337	3.43326
1243.87185	3.39989
1245.80033	3.36921
1247.72882	3.34255
1249.6573	3.32209
1251.58578	3.30997
1253.51427	3.3067
1255.44275	3.30743
1257.37123	3.30533
1259.29972	3.29773
1261.2282	3.29172
1263.15668	3.30067
1265.08517	3.32051
1267.01365	3.32527
1268.94213	3.31001
1270.87062	3.29607
1272.7991	3.28293
1274.72758	3.25034
1276.65607	3.19717
1278.58455	3.13804
1280.51303	3.07508
1282.44152	3.00138
1284.37	2.92308
1286.29849	2.85482
1288.22697	2.8035
1290.15545	2.76769
1292.08394	2.74282
1294.01242	2.72575
1295.9409	2.71598
1297.86939	2.71126
1299.79787	2.70703
1301.72635	2.70101
1303.65484	2.6934
1305.58332	2.68257
1307.5118	2.66461
1309.44029	2.63926
1311.36877	2.61185
1313.29725	2.58697
1315.22574	2.56391
1317.15422	2.54067
1319.08271	2.51899
1321.01119	2.50188
1322.93967	2.48929
1324.86815	2.47896
1326.79664	2.46966
1328.72512	2.46313
1330.65361	2.46156
1332.58209	2.46372
1334.51057	2.46711
1336.43906	2.47334
1338.36754	2.48798
1340.29602	2.51249
1342.22451	2.54126
1344.15299	2.57205
1346.08147	2.60869
1348.00996	2.65688
1349.93844	2.72046
1351.86692	2.79803
1353.79541	2.88315
1355.72389	2.96345
1357.65237	3.02218
1359.58086	3.05215
1361.50934	3.06429
1363.43783	3.07429
1365.36631	3.08371
1367.29479	3.0858
1369.22328	3.07212
1371.15176	3.03722
1373.08024	2.99828
1375.00873	2.99189
1376.93721	3.0359
1378.86569	3.11742
1380.79418	3.20694
1382.72266	3.26738
1384.65114	3.27539
1386.57963	3.22727
1388.50811	3.14211
1390.43659	3.03918
1392.36508	2.90938
1394.29356	2.75387
1396.22204	2.6039
1398.15053	2.4825
1400.07901	2.39137
1402.00749	2.32101
1403.93598	2.25922
1405.86446	2.20431
1407.79294	2.15919
1409.72143	2.11978
1411.64991	2.08333
1413.5784	2.05111
1415.50688	2.02176
1417.43536	1.99185
1419.36385	1.96348
1421.29233	1.94105
1423.22081	1.92273
1425.1493	1.90716
1427.07778	1.8949
1429.00626	1.88658
1430.93475	1.88426
1432.86323	1.89232
1434.79171	1.92451
1436.7202	2.00054
1438.64868	2.1117
1440.57716	2.23943
1442.50565	2.39021
1444.43413	2.56666
1446.36262	2.75771
1448.2911	2.94282
1450.21958	3.08647
1452.14807	3.17028
1454.07655	3.19963
1456.00503	3.1918
1457.93352	3.18621
1459.862	3.17728
1461.79048	3.11468
1463.71897	2.97274
1465.64745	2.79671
1467.57593	2.64695
1469.50442	2.51033
1471.4329	2.35025
1473.36138	2.18978
1475.28987	2.0812
1477.21835	2.01328
1479.14683	1.96089
1481.07532	1.91569
1483.0038	1.87784
1484.93228	1.84594
1486.86077	1.81442
1488.78925	1.78083
1490.71773	1.75334
1492.64622	1.7346
1494.5747	1.71771
1496.50319	1.69875
1498.43167	1.68096
1500.36015	1.66761
1502.28864	1.65659
1504.21712	1.64422
1506.1456	1.62653
1508.07409	1.60967
1510.00257	1.60047
1511.93105	1.59262
1513.85954	1.58306
1515.78802	1.57148
1517.7165	1.5591
1519.64499	1.5469
1521.57347	1.53516
1523.50195	1.52538
1525.43044	1.5171
1527.35892	1.50871
1529.28741	1.49958
1531.21589	1.48922
1533.14437	1.4783
1535.07285	1.46871
1537.00134	1.45955
1538.92982	1.44817
1540.85831	1.43637
1542.78679	1.42909
1544.71527	1.42343
1546.64376	1.41708
1548.57224	1.40983
1550.50072	1.40192
1552.42921	1.39364
1554.35769	1.38484
1556.28617	1.37586
1558.21466	1.37033
1560.14314	1.36937
1562.07162	1.36681
1564.00011	1.36229
1565.92859	1.35742
1567.85707	1.35347
1569.78556	1.35055
1571.71404	1.3471
1573.64253	1.34294
1575.57101	1.34008
1577.49949	1.3386
1579.42798	1.33615
1581.35646	1.33284
1583.28494	1.32986
1585.21343	1.32759
1587.14191	1.32592
1589.07039	1.32478
1590.99888	1.32421
1592.92736	1.32453
1594.85584	1.32602
1596.78433	1.32827
1598.71281	1.33101
1600.64129	1.33493
1602.56978	1.3402
1604.49826	1.34602
1606.42674	1.35256
1608.35523	1.36052
1610.28371	1.36835
1612.21219	1.37417
1614.14068	1.38045
1616.06916	1.39124
1617.99764	1.40178
1619.92613	1.40627
1621.85461	1.4087
1623.7831	1.41193
1625.71158	1.41372
1627.64006	1.41287
1629.56855	1.40932
1631.49703	1.40316
1633.42551	1.39619
1635.354	1.39076
1637.28248	1.38506
1639.21096	1.37623
1641.13945	1.36524
1643.06793	1.35335
1644.99641	1.34162
1646.9249	1.33062
1648.85338	1.31987
1650.78186	1.31037
1652.71035	1.30487
1654.63883	1.29974
1656.56732	1.29071
1658.4958	1.28073
1660.42428	1.27264
1662.35277	1.26698
1664.28125	1.26096
1666.20973	1.25407
1668.13822	1.24993
1670.0667	1.24969
1671.99518	1.24987
1673.92367	1.25086
1675.85215	1.25295
1677.78063	1.25292
1679.70912	1.25163
1681.6376	1.25735
1683.56608	1.28149
1685.49457	1.31161
1687.42305	1.33145
1689.35153	1.34938
1691.28002	1.36827
1693.2085	1.38966
1695.13698	1.42451
1697.06547	1.48282
1698.99395	1.56444
1700.92244	1.65453
1702.85092	1.73337
1704.7794	1.81648
1706.70789	1.91872
1708.63637	2.0219
1710.56485	2.11513
1712.49334	2.20864
1714.42182	2.32268
1716.3503	2.49295
1718.27879	2.69157
1720.20727	2.82797
1722.13575	2.92014
1724.06424	3.01719
1725.99272	3.13191
1727.9212	3.26416
1729.84969	3.41105
1731.77817	3.53895
1733.70665	3.62632
1735.63514	3.73156
1737.56362	3.91343
1739.49211	4.25688
1741.42059	4.98088
1743.34907	5.52871
1745.27755	4.71829
1747.20604	4.39588
1749.13452	4.26552
1751.06301	4.18323
1752.99149	4.05076
1754.91997	3.92672
1756.84846	3.88917
1758.77694	3.96613
1760.70542	4.09307
1762.63391	4.09854
1764.56239	4.02858
1766.49087	4.01327
1768.41936	4.02452
1770.34784	3.96031
1772.27632	3.86154
1774.20481	3.83425
1776.13329	3.86053
1778.06177	3.88988
1779.99026	3.91923
1781.91874	3.94313
1783.84723	3.88439
1785.77571	3.73521
1787.70419	3.57034
1789.63268	3.40665
1791.56116	3.25367
1793.48964	3.14641
1795.41813	3.07936
1797.34661	3.01651
1799.27509	2.94285
1801.20358	2.87279
1803.13206	2.82205
1805.06054	2.78592
1806.98903	2.75318
1808.91751	2.71898
1810.84599	2.68423
1812.77448	2.65064
1814.70296	2.61739
1816.63144	2.58246
1818.55993	2.54643
1820.48841	2.51063
1822.41689	2.47168
1824.34538	2.42695
1826.27386	2.38094
1828.20234	2.33558
1830.13083	2.29159
1832.05931	2.25437
1833.9878	2.22307
1835.91628	2.19267
1837.84476	2.16273
1839.77325	2.13473
1841.70173	2.1068
1843.63021	2.07775
1845.5587	2.05241
1847.48718	2.03304
1849.41566	2.01636
1851.34415	2.00013
1853.27263	1.98381
1855.20111	1.96732
1857.1296	1.95121
1859.05808	1.93614
1860.98656	1.92225
1862.91505	1.9091
1864.84353	1.89586
1866.77202	1.88196
1868.7005	1.8691
1870.62898	1.85945
1872.55747	1.85152
1874.48595	1.84325
1876.41443	1.83428
1878.34292	1.82511
1880.2714	1.81633
1882.19988	1.80839
1884.12837	1.80118
1886.05685	1.79406
1887.98533	1.78686
1889.91382	1.78013
1891.8423	1.77406
1893.77078	1.76827
1895.69927	1.76281
1897.62775	1.75768
1899.55623	1.75238
1901.48472	1.74672
1903.4132	1.74093
1905.34168	1.73511
1907.27017	1.72925
1909.19865	1.72367
1911.12714	1.71868
1913.05562	1.71376
1914.9841	1.70815
1916.91259	1.70196
1918.84107	1.69581
1920.76955	1.68965
1922.69804	1.68352
1924.62652	1.67802
1926.555	1.67308
1928.48349	1.66818
1930.41197	1.66352
1932.34045	1.65971
1934.26894	1.65688
1936.19742	1.65448
1938.1259	1.65179
1940.05439	1.64897
1941.98287	1.64712
1943.91135	1.6466
1945.83984	1.64649
1947.76832	1.64638
1949.69681	1.64644
1951.62529	1.64661
1953.55377	1.64678
1955.48225	1.64706
1957.41074	1.64747
1959.33922	1.64779
1961.26771	1.64765
1963.19619	1.64674
1965.12467	1.64527
1967.05316	1.64373
1968.98164	1.64187
1970.91012	1.63903
1972.83861	1.6353
1974.76709	1.6313
1976.69557	1.62736
1978.62406	1.62335
1980.55254	1.61906
1982.48102	1.61459
1984.40951	1.61031
1986.33799	1.60649
1988.26647	1.60312
1990.19496	1.60027
1992.12344	1.59805
1994.05193	1.59611
1995.98041	1.59396
1997.90889	1.5916
1999.83738	1.58924
2001.76586	1.58667
2003.69434	1.58347
2005.62283	1.5795
2007.55131	1.57515
2009.47979	1.5707
2011.40828	1.56604
2013.33676	1.56105
2015.26524	1.55594
2017.19373	1.55101
2019.12221	1.54645
2021.05069	1.54238
2022.97918	1.53887
2024.90766	1.53586
2026.83614	1.53333
2028.76463	1.53131
2030.69311	1.52976
2032.62159	1.52859
2034.55008	1.52766
2036.47856	1.52677
2038.40704	1.52601
2040.33553	1.52581
2042.26401	1.52646
2044.1925	1.5278
2046.12098	1.5296
2048.04946	1.53181
2049.97795	1.53441
2051.90643	1.53733
2053.83491	1.54038
2055.7634	1.54324
2057.69188	1.54581
2059.62036	1.54809
2061.54885	1.54999
2063.47733	1.55151
2065.40581	1.55289
2067.3343	1.55432
2069.26278	1.5558
2071.19126	1.55719
2073.11975	1.55823
2075.04823	1.55895
2076.97671	1.55963
2078.9052	1.56034
2080.83368	1.56096
2082.76217	1.5612
2084.69065	1.56071
2086.61913	1.55947
2088.54762	1.55764
2090.4761	1.55529
2092.40458	1.55264
2094.33307	1.54988
2096.26155	1.54698
2098.19003	1.54389
2100.11852	1.54078
2102.047	1.53786
2103.97548	1.53514
2105.90397	1.5326
2107.83245	1.53043
2109.76093	1.52876
2111.68942	1.52753
2113.6179	1.52668
2115.54638	1.52604
2117.47487	1.52527
2119.40335	1.52418
2121.33184	1.52292
2123.26032	1.52156
2125.1888	1.51984
2127.11728	1.5176
2129.04577	1.51501
2130.97425	1.51232
2132.90274	1.50952
2134.83122	1.50644
2136.7597	1.5032
2138.68819	1.50002
2140.61667	1.49678
2142.54515	1.49324
2144.47364	1.48947
2146.40212	1.48582
2148.3306	1.48253
2150.25909	1.4795
2152.18757	1.47663
2154.11605	1.47403
2156.04454	1.47177
2157.97302	1.46985
2159.9015	1.46821
2161.82999	1.4668
2163.75847	1.46562
2165.68696	1.46464
2167.61544	1.46379
2169.54392	1.46295
2171.47241	1.46194
2173.40089	1.46067
2175.32937	1.45914
2177.25786	1.45737
2179.18634	1.45532
2181.11482	1.45301
2183.04331	1.45058
2184.97179	1.44808
2186.90027	1.44551
2188.82876	1.44301
2190.75724	1.4408
2192.68572	1.43894
2194.61421	1.43726
2196.54269	1.43561
2198.47117	1.43405
2200.39966	1.43279
2202.32814	1.43206
2204.25663	1.43182
2206.18511	1.43192
2208.11359	1.43224
2210.04207	1.4327
2211.97056	1.4333
2213.89904	1.43395
2215.82753	1.43452
2217.75601	1.43501
2219.68449	1.43561
2221.61298	1.43644
2223.54146	1.43742
2225.46994	1.43834
2227.39843	1.43911
2229.32691	1.4398
2231.25539	1.44046
2233.18388	1.44124
2235.11236	1.44222
2237.04084	1.44324
2238.96933	1.44424
2240.89781	1.4454
2242.82629	1.44672
2244.75478	1.44787
2246.68326	1.44865
2248.61175	1.44924
2250.54023	1.44984
2252.46871	1.45038
2254.3972	1.45071
2256.32568	1.45088
2258.25416	1.45109
2260.18265	1.45137
2262.11113	1.45153
2264.03961	1.45148
2265.9681	1.45132
2267.89658	1.45121
2269.82506	1.45129
2271.75355	1.4516
2273.68203	1.45207
2275.61051	1.45261
2277.539	1.4531
2279.46748	1.45343
2281.39596	1.45356
2283.32445	1.45362
2285.25293	1.45385
2287.18142	1.45435
2289.1099	1.45496
2291.03838	1.4555
2292.96686	1.45598
2294.89535	1.45664
2296.82383	1.45772
2298.75232	1.45927
2300.6808	1.46113
2302.60928	1.46299
2304.53777	1.46471
2306.46625	1.46641
2308.39473	1.46832
2310.32322	1.47044
2312.2517	1.47272
2314.18018	1.47509
2316.10867	1.47739
2318.03715	1.47942
2319.96563	1.48124
2321.89412	1.48284
2323.8226	1.48396
2325.75108	1.48447
2327.67957	1.48443
2329.60805	1.48408
2331.53654	1.48389
2333.46502	1.48416
2335.3935	1.48476
2337.32199	1.48539
2339.25047	1.48594
2341.17895	1.48655
2343.10744	1.48761
2345.03592	1.48877
2346.9644	1.48903
2348.89289	1.48818
2350.82137	1.4871
2352.74985	1.48695
2354.67834	1.48836
2356.60682	1.49072
2358.5353	1.49268
2360.46379	1.49338
2362.39227	1.49327
2364.32075	1.49344
2366.24924	1.49457
2368.17772	1.49649
2370.10621	1.49831
2372.03469	1.49949
2373.96317	1.50031
2375.89165	1.50147
2377.82014	1.50324
2379.74862	1.50546
2381.67711	1.50762
2383.60559	1.50969
2385.53407	1.51201
2387.46256	1.51465
2389.39104	1.51734
2391.31952	1.51989
2393.24801	1.52232
2395.17649	1.52462
2397.10497	1.52676
2399.03346	1.52875
2400.96194	1.53055
2402.89042	1.53184
2404.81891	1.53248
2406.74739	1.53271
2408.67587	1.53279
2410.60436	1.53263
2412.53284	1.53226
2414.46133	1.53195
2416.38981	1.53171
2418.31829	1.53127
2420.24678	1.53066
2422.17526	1.53015
2424.10374	1.5297
2426.03223	1.52901
2427.96071	1.52808
2429.88919	1.52706
2431.81768	1.52581
2433.74616	1.52423
2435.67464	1.52263
2437.60313	1.52121
2439.53161	1.51989
2441.46009	1.51873
2443.38858	1.51789
2445.31706	1.51733
2447.24554	1.51696
2449.17403	1.51688
2451.10251	1.51724
2453.03099	1.51785
2454.95948	1.51848
2456.88796	1.51921
2458.81644	1.52018
2460.74493	1.52123
2462.67341	1.52217
2464.60189	1.52315
2466.53038	1.5244
2468.45886	1.52595
2470.38735	1.52767
2472.31583	1.52948
2474.24431	1.53123
2476.1728	1.53285
2478.10128	1.53448
2480.02976	1.53636
2481.95825	1.53855
2483.88673	1.54098
2485.81521	1.54359
2487.7437	1.54634
2489.67218	1.54918
2491.60066	1.55212
2493.52915	1.55513
2495.45763	1.5581
2497.38611	1.56087
2499.3146	1.56346
2501.24308	1.566
2503.17157	1.5685
2505.10005	1.57088
2507.02853	1.57303
2508.95702	1.57471
2510.8855	1.57591
2512.81398	1.57694
2514.74247	1.57787
2516.67095	1.57857
2518.59943	1.57913
2520.52792	1.57978
2522.4564	1.58055
2524.38488	1.58142
2526.31337	1.5824
2528.24185	1.58361
2530.17033	1.58517
2532.09882	1.58697
2534.0273	1.58871
2535.95578	1.59029
2537.88427	1.59189
2539.81275	1.59345
2541.74124	1.59469
2543.66972	1.59563
2545.5982	1.59649
2547.52668	1.59735
2549.45517	1.59808
2551.38365	1.59862
2553.31214	1.59901
2555.24062	1.59928
2557.1691	1.59945
2559.09759	1.59967
2561.02607	1.60023
2562.95455	1.60137
2564.88304	1.60295
2566.81152	1.60474
2568.74	1.6067
2570.66849	1.60879
2572.59697	1.61072
2574.52545	1.6124
2576.45394	1.61394
2578.38242	1.61539
2580.3109	1.61684
2582.23939	1.61852
2584.16787	1.62048
2586.09636	1.6223
2588.02484	1.62358
2589.95332	1.62447
2591.88181	1.62517
2593.81029	1.62564
2595.73877	1.62599
2597.66726	1.62655
2599.59574	1.62737
2601.52422	1.62834
2603.45271	1.62945
2605.38119	1.63061
2607.30967	1.63172
2609.23816	1.63287
2611.16664	1.63425
2613.09512	1.63579
2615.02361	1.63722
2616.95209	1.63854
2618.88057	1.63995
2620.80906	1.64151
2622.73754	1.64318
2624.66603	1.64476
2626.59451	1.64592
2628.52299	1.6465
2630.45147	1.64657
2632.37996	1.64628
2634.30844	1.64576
2636.23693	1.64521
2638.16541	1.64466
2640.09389	1.64381
2642.02238	1.64257
2643.95086	1.64124
2645.87934	1.63993
2647.80783	1.63841
2649.73631	1.63653
2651.66479	1.63445
2653.59328	1.6325
2655.52176	1.63072
2657.45024	1.62899
2659.37873	1.62741
2661.30721	1.6261
2663.23569	1.62484
2665.16418	1.62339
2667.09266	1.62201
2669.02115	1.62098
2670.94963	1.62008
2672.87811	1.61891
2674.8066	1.61744
2676.73508	1.61591
2678.66356	1.61469
2680.59205	1.61407
2682.52053	1.61396
2684.44901	1.61375
2686.3775	1.61303
2688.30598	1.61198
2690.23446	1.61116
2692.16295	1.61077
2694.09143	1.61061
2696.01991	1.61047
2697.9484	1.61042
2699.87688	1.61058
2701.80536	1.61098
2703.73385	1.61152
2705.66233	1.61191
2707.59082	1.61195
2709.5193	1.6119
2711.44778	1.61206
2713.37626	1.6124
2715.30475	1.61266
2717.23323	1.61281
2719.16172	1.61314
2721.0902	1.61379
2723.01868	1.61464
2724.94717	1.61563
2726.87565	1.61699
2728.80413	1.61872
2730.73262	1.62038
2732.6611	1.62165
2734.58958	1.62249
2736.51807	1.62287
2738.44655	1.62283
2740.37503	1.62257
2742.30352	1.62223
2744.232	1.62176
2746.16048	1.62126
2748.08897	1.62092
2750.01745	1.62066
2751.94594	1.62016
2753.87442	1.61926
2755.8029	1.61832
2757.73139	1.61775
2759.65987	1.61758
2761.58835	1.6175
2763.51684	1.61735
2765.44532	1.61717
2767.3738	1.61716
2769.30229	1.61754
2771.23077	1.61823
2773.15925	1.61899
2775.08774	1.6199
2777.01622	1.62131
2778.9447	1.62328
2780.87319	1.62547
2782.80167	1.62764
2784.73015	1.63
2786.65864	1.63276
2788.58712	1.63571
2790.5156	1.63864
2792.44409	1.64168
2794.37257	1.64502
2796.30105	1.64854
2798.22954	1.65181
2800.15802	1.65472
2802.08651	1.65774
2804.01499	1.66122
2805.94347	1.66498
2807.87196	1.66893
2809.80044	1.67318
2811.72892	1.6776
2813.65741	1.68214
2815.58589	1.6872
2817.51437	1.69287
2819.44286	1.69854
2821.37134	1.70358
2823.29982	1.7078
2825.22831	1.71138
2827.15679	1.71441
2829.08527	1.71663
2831.01376	1.71791
2832.94224	1.71879
2834.87073	1.71981
2836.79921	1.72085
2838.72769	1.72136
2840.65618	1.72114
2842.58466	1.72071
2844.51314	1.72081
2846.44163	1.72157
2848.37011	1.72261
2850.29859	1.72378
2852.22708	1.72551
2854.15556	1.72843
2856.08404	1.7326
2858.01253	1.73766
2859.94101	1.74368
2861.86949	1.75134
2863.79798	1.76158
2865.72646	1.77549
2867.65494	1.79418
2869.58343	1.81809
2871.51191	1.84669
2873.44039	1.87865
2875.36888	1.91147
2877.29736	1.941
2879.22584	1.96231
2881.15433	1.97236
2883.08281	1.97185
2885.01129	1.964
2886.93978	1.95267
2888.86826	1.94168
2890.79675	1.93405
2892.72523	1.93055
2894.65371	1.92999
2896.5822	1.93112
2898.51068	1.93324
2900.43916	1.93541
2902.36765	1.93687
2904.29613	1.93757
2906.22461	1.93786
2908.1531	1.93822
2910.08158	1.9388
2912.01006	1.93975
2913.93855	1.94192
2915.86703	1.94622
2917.79551	1.95275
2919.724	1.96145
2921.65248	1.97273
2923.58097	1.98724
2925.50945	2.00559
2927.43793	2.02868
2929.36642	2.05805
2931.2949	2.09552
2933.22338	2.14267
2935.15187	2.20093
2937.08035	2.27125
2939.00883	2.35099
2940.93732	2.43032
2942.8658	2.49419
2944.79428	2.53066
2946.72277	2.53645
2948.65125	2.51509
2950.57973	2.47557
2952.50822	2.42987
2954.4367	2.38643
2956.36518	2.34882
2958.29367	2.31826
2960.22215	2.29449
2962.15064	2.27611
2964.07912	2.26164
2966.0076	2.25087
2967.93608	2.24442
2969.86457	2.24255
2971.79305	2.24575
2973.72154	2.25498
2975.65002	2.27083
2977.5785	2.29398
2979.50699	2.32536
2981.43547	2.36552
2983.36395	2.4153
2985.29244	2.47568
2987.22092	2.54526
2989.1494	2.61847
2991.07789	2.68671
2993.00637	2.741
2994.93485	2.77398
2996.86334	2.78162
2998.79182	2.76354
3000.7203	2.72557
3002.64879	2.67663
3004.57727	2.62146
3006.50576	2.56142
3008.43424	2.49908
3010.36272	2.43699
3012.29121	2.37703
3014.21969	2.32102
3016.14817	2.26993
3018.07666	2.22304
3020.00514	2.17997
3021.93362	2.14251
3023.86211	2.11265
3025.79059	2.08921
3027.71907	2.06896
3029.64756	2.05029
3031.57604	2.03409
3033.50452	2.02141
3035.43301	2.01204
3037.36149	2.00459
3039.28997	1.99771
3041.21846	1.9914
3043.14694	1.98607
3045.07543	1.98144
3047.00391	1.9773
3048.93239	1.97389
3050.86087	1.97092
3052.78936	1.96768
3054.71784	1.96439
3056.64633	1.96194
3058.57481	1.96034
3060.50329	1.95865
3062.43178	1.95636
3064.36026	1.95374
3066.28874	1.95133
3068.21723	1.94955
3070.14571	1.94859
3072.07419	1.94833
3074.00268	1.9483
3075.93116	1.94789
3077.85964	1.94682
3079.78813	1.94548
3081.71661	1.94413
3083.64509	1.94258
3085.57358	1.94106
3087.50206	1.93992
3089.43055	1.93888
3091.35903	1.93798
3093.28751	1.93788
3095.216	1.93839
3097.14448	1.93825
3099.07296	1.93689
3101.00145	1.93524
3102.92993	1.9343
3104.85841	1.93415
3106.7869	1.93421
3108.71538	1.93417
3110.64386	1.93431
3112.57235	1.93476
3114.50083	1.93513
3116.42931	1.93506
3118.3578	1.93482
3120.28628	1.93463
3122.21476	1.93404
3124.14325	1.93274
3126.07173	1.93172
3128.00022	1.93215
3129.9287	1.93358
3131.85718	1.93463
3133.78566	1.93515
3135.71415	1.93586
3137.64263	1.9367
3139.57112	1.93712
3141.4996	1.93697
3143.42808	1.93668
3145.35657	1.93688
3147.28505	1.93786
3149.21353	1.93896
3151.14202	1.93927
3153.0705	1.93907
3154.99898	1.93946
3156.92747	1.94053
3158.85595	1.94151
3160.78443	1.94224
3162.71292	1.94331
3164.6414	1.94503
3166.56988	1.94716
3168.49837	1.94934
3170.42685	1.95099
3172.35534	1.95161
3174.28382	1.95158
3176.2123	1.95179
3178.14079	1.95252
3180.06927	1.95375
3181.99775	1.95595
3183.92624	1.95887
3185.85472	1.96117
3187.7832	1.96233
3189.71169	1.96315
3191.64017	1.96451
3193.56865	1.96677
3195.49714	1.9693
3197.42562	1.97113
3199.3541	1.97245
3201.28259	1.97403
3203.21107	1.97594
3205.13955	1.97787
3207.06804	1.97984
3208.99652	1.98184
3210.925	1.98344
3212.85349	1.98489
3214.78197	1.98713
3216.71045	1.9899
3218.63894	1.99182
3220.56742	1.99278
3222.49591	1.99385
3224.42439	1.99537
3226.35287	1.99702
3228.28136	1.99833
3230.20984	1.99875
3232.13832	1.99856
3234.06681	1.99901
3235.99529	2.0006
3237.92377	2.00241
3239.85226	2.00345
3241.78074	2.00393
3243.70922	2.00468
3245.63771	2.00566
3247.56619	2.00626
3249.49467	2.00644
3251.42316	2.00678
3253.35164	2.00782
3255.28013	2.00931
3257.20861	2.01035
3259.13709	2.01038
3261.06558	2.00995
3262.99406	2.01035
3264.92254	2.01225
3266.85103	2.01496
3268.77951	2.01717
3270.70799	2.01823
3272.63648	2.0186
3274.56496	2.01935
3276.49344	2.02065
3278.42193	2.02169
3280.35041	2.02225
3282.27889	2.02288
3284.20738	2.02399
3286.13586	2.02585
3288.06434	2.02845
3289.99283	2.0309
3291.92131	2.03241
3293.84979	2.03311
3295.77828	2.03364
3297.70676	2.0343
3299.63524	2.03517
3301.56373	2.03637
3303.49221	2.03768
3305.42069	2.03854
3307.34918	2.03887
3309.27766	2.03909
3311.20615	2.03986
3313.13463	2.04132
3315.06311	2.04248
3316.9916	2.0427
3318.92008	2.04284
3320.84856	2.04355
3322.77705	2.04419
3324.70553	2.04403
3326.63401	2.04301
3328.5625	2.04195
3330.49098	2.04207
3332.41946	2.04342
3334.34795	2.04477
3336.27643	2.04535
3338.20491	2.04552
3340.1334	2.0455
3342.06188	2.04488
3343.99037	2.0439
3345.91885	2.04357
3347.84733	2.04411
3349.77582	2.04452
3351.7043	2.04411
3353.63278	2.04338
3355.56127	2.04299
3357.48975	2.04295
3359.41823	2.04292
3361.34672	2.04268
3363.2752	2.04272
3365.20368	2.04322
3367.13217	2.04312
3369.06065	2.04191
3370.98913	2.04059
3372.91762	2.03961
3374.8461	2.03866
3376.77458	2.0378
3378.70307	2.03672
3380.63155	2.03508
3382.56004	2.03381
3384.48852	2.03398
3386.417	2.03518
3388.34548	2.0363
3390.27397	2.03674
3392.20245	2.03637
3394.13094	2.03535
3396.05942	2.03441
3397.9879	2.03447
3399.91639	2.03575
3401.84487	2.03754
3403.77335	2.03873
3405.70184	2.03903
3407.63032	2.03941
3409.5588	2.04049
3411.48729	2.04167
3413.41577	2.04229
3415.34425	2.0425
3417.27274	2.04289
3419.20122	2.04396
3421.1297	2.04553
3423.05819	2.04682
3424.98667	2.04771
3426.91516	2.04894
3428.84364	2.05103
3430.77212	2.05387
3432.70061	2.05662
3434.62909	2.05847
3436.55757	2.05976
3438.48606	2.06125
3440.41454	2.06302
3442.34302	2.06521
3444.27151	2.06857
3446.19999	2.07329
3448.12847	2.07801
3450.05696	2.0815
3451.98544	2.08437
3453.91392	2.08804
3455.84241	2.09319
3457.77089	2.09913
3459.69937	2.10432
3461.62786	2.10815
3463.55634	2.11206
3465.48483	2.11763
3467.41331	2.12432
3469.34179	2.13069
3471.27027	2.13699
3473.19876	2.14436
3475.12724	2.15242
3477.05573	2.15976
3478.98421	2.1665
3480.91269	2.17479
3482.84118	2.18559
3484.76966	2.1969
3486.69814	2.20677
3488.62663	2.21506
3490.55511	2.22192
3492.48359	2.22761
3494.41208	2.23357
3496.34056	2.24082
3498.26904	2.24857
3500.19753	2.25583
3502.12601	2.26195
3504.05449	2.26551
3505.98298	2.26653
3507.91146	2.26716
3509.83995	2.26867
3511.76843	2.26971
3513.69691	2.26883
3515.6254	2.26639
3517.55388	2.26313
3519.48236	2.25949
3521.41085	2.2566
3523.33933	2.25477
3525.26781	2.25261
3527.1963	2.24999
3529.12478	2.24809
3531.05326	2.24613
3532.98175	2.24247
3534.91023	2.23756
3536.83871	2.23262
3538.7672	2.2272
3540.69568	2.2208
3542.62416	2.21485
3544.55265	2.2111
3546.48113	2.20853
3548.40962	2.20421
3550.3381	2.19778
3552.26658	2.19083
3554.19506	2.18367
3556.12355	2.17615
3558.05203	2.16897
3559.98052	2.16147
3561.909	2.15191
3563.83748	2.14151
3565.76597	2.13485
3567.69445	2.13185
3569.62293	2.12649
3571.55142	2.11779
3573.4799	2.10868
3575.40838	2.1007
3577.33687	2.09268
3579.26535	2.08302
3581.19383	2.07167
3583.12232	2.05984
3585.0508	2.04999
3586.97928	2.04383
3588.90777	2.03776
3590.83625	2.02853
3592.76474	2.01783
3594.69322	2.00804
3596.6217	1.99994
3598.55019	1.99354
3600.47867	1.98806
3602.40715	1.98143
3604.33564	1.97306
3606.26412	1.96527
3608.1926	1.95986
3610.12109	1.95509
3612.04957	1.94913
3613.97805	1.94186
3615.90654	1.93415
3617.83502	1.92897
3619.7635	1.92698
3621.69199	1.92295
3623.62047	1.91357
3625.54895	1.90081
3627.47744	1.89106
3629.40592	1.8884
3631.3344	1.88656
3633.26289	1.88186
3635.19137	1.87573
3637.11985	1.86921
3639.04834	1.86245
3640.97682	1.8549
3642.90531	1.8452
3644.83379	1.83238
3646.76227	1.81931
3648.69076	1.81391
3650.61924	1.81281
3652.54772	1.80668
3654.47621	1.79713
3656.40469	1.7884
3658.33317	1.78085
3660.26166	1.77251
3662.19014	1.76225
3664.11862	1.74946
3666.04711	1.73447
3667.97559	1.71919
3669.90407	1.70477
3671.83256	1.68998
3673.76104	1.67605
3675.68952	1.66639
3677.61801	1.65879
3679.54649	1.64957
3681.47498	1.6383
3683.40346	1.62481
3685.33194	1.60933
3687.26043	1.59536
3689.18891	1.5888
3691.11739	1.58706
3693.04588	1.58325
3694.97436	1.57668
3696.90284	1.56911
3698.83133	1.56253
3700.75981	1.55888
3702.68829	1.55689
3704.61678	1.55243
3706.54526	1.54423
3708.47374	1.5363
3710.40223	1.53587
3712.33071	1.54106
3714.25919	1.54239
3716.18768	1.53889
3718.11616	1.53418
3720.04464	1.53084
3721.97313	1.52972
3723.90161	1.53049
3725.83009	1.53107
3727.75858	1.52858
3729.68706	1.5225
3731.61555	1.51587
3733.54403	1.51489
3735.47251	1.52112
3737.401	1.52561
3739.32948	1.5235
3741.25796	1.51796
3743.18645	1.51443
3745.11493	1.51321
3747.04341	1.51004
3748.9719	1.50897
3750.90038	1.51497
3752.82886	1.51995
3754.75735	1.51904
3756.68583	1.51682
3758.61431	1.51696
3760.5428	1.51737
3762.47128	1.51568
3764.39977	1.51312
3766.32825	1.51139
3768.25673	1.51179
3770.18522	1.51433
3772.1137	1.51573
3774.04218	1.51368
3775.97067	1.51015
3777.89915	1.50875
3779.82763	1.50979
3781.75612	1.51049
3783.6846	1.51072
3785.61308	1.51176
3787.54157	1.51293
3789.47005	1.51315
3791.39853	1.51195
3793.32702	1.50949
3795.2555	1.50639
3797.18398	1.50308
3799.11247	1.50191
3801.04095	1.50552
3802.96944	1.50982
3804.89792	1.51219
3806.8264	1.5152
3808.75488	1.51714
3810.68337	1.51495
3812.61185	1.51049
3814.54034	1.5076
3816.46882	1.50685
3818.3973	1.5071
3820.32579	1.5106
3822.25427	1.51554
3824.18275	1.51759
3826.11124	1.51756
3828.03972	1.51667
3829.9682	1.51468
3831.89669	1.51166
3833.82517	1.50789
3835.75365	1.50537
3837.68214	1.50784
3839.61062	1.51404
3841.5391	1.51912
3843.46759	1.52151
3845.39607	1.52056
3847.32456	1.51518
3849.25304	1.50632
3851.18152	1.50099
3853.11001	1.50888
3855.03849	1.51951
3856.96697	1.52149
3858.89546	1.51817
3860.82394	1.51448
3862.75242	1.5135
3864.68091	1.51377
3866.60939	1.51246
3868.53787	1.51188
3870.46636	1.51478
3872.39484	1.51891
3874.32332	1.52056
3876.25181	1.51861
3878.18029	1.51557
3880.10877	1.51474
3882.03726	1.51575
3883.96574	1.51745
3885.89423	1.51893
3887.82271	1.5183
3889.75119	1.51765
3891.67967	1.51965
3893.60816	1.52068
3895.53664	1.51757
3897.46513	1.5126
3899.39361	1.50941
3901.32209	1.51025
3903.25058	1.51539
3905.17906	1.52147
3907.10754	1.52466
3909.03603	1.52475
3910.96451	1.523
3912.89299	1.5202
3914.82148	1.51793
3916.74996	1.51813
3918.67844	1.51956
3920.60693	1.5198
3922.53541	1.51966
3924.46389	1.52028
3926.39238	1.52019
3928.32086	1.51913
3930.24935	1.51938
3932.17783	1.5216
3934.10631	1.52343
3936.0348	1.52344
3937.96328	1.5223
3939.89176	1.5216
3941.82025	1.52229
3943.74873	1.52316
3945.67721	1.52318
3947.6057	1.52373
3949.53418	1.52553
3951.46266	1.52718
3953.39115	1.52777
3955.31963	1.52767
3957.24811	1.52751
3959.1766	1.52785
3961.10508	1.52897
3963.03356	1.53019
3964.96205	1.5306
3966.89053	1.53037
3968.81902	1.53034
3970.7475	1.53088
3972.67598	1.53186
3974.60446	1.53313
3976.53295	1.53438
3978.46143	1.53539
3980.38992	1.53637
3982.3184	1.53768
3984.24688	1.5393
3986.17537	1.5408
3988.10385	1.54207
3990.03233	1.5434
3991.96082	1.54478
3993.8893	1.54596
3995.81778	1.54678
3997.74627	1.5474
3999.67475	1.54818
4001.60323	1.54909