22.96667	 2.741	 0.018	3.8695	0.0001	0.0056	0.0010	5.5770e-003	5.5770e-003	2.45787e-002
22.98333	 2.763	 0.037	3.8669	0.0002	0.0059	0.0011	5.9120e-003	5.9120e-003	2.59699e-002
23.00000	 2.786	 0.055	3.8630	0.0003	0.0063	0.0012	6.2673e-003	6.2673e-003	2.74519e-002
23.01667	 2.810	 0.073	3.8591	0.0004	0.0066	0.0013	6.6438e-003	6.6438e-003	2.90303e-002
23.03333	 2.832	 0.093	3.8552	0.0005	0.0070	0.0013	7.0430e-003	7.0430e-003	3.07109e-002
23.05000	 2.856	 0.111	3.8513	0.0006	0.0075	0.0014	7.4662e-003	7.4662e-003	3.25001e-002
23.06667	 2.882	 0.131	3.8474	0.0008	0.0079	0.0015	7.9148e-003	7.9148e-003	3.44044e-002
23.08333	 2.909	 0.153	3.8435	0.0009	0.0084	0.0016	8.3903e-003	8.3903e-003	3.64309e-002
23.10000	 2.934	 0.176	3.8396	0.0011	0.0089	0.0018	8.8945e-003	8.8945e-003	3.85871e-002
23.11667	 2.961	 0.197	3.8357	0.0012	0.0094	0.0019	9.4289e-003	9.4289e-003	4.08811e-002
23.13333	 2.991	 0.220	3.8319	0.0014	0.0100	0.0020	9.9954e-003	9.9954e-003	4.33212e-002
23.15000	 3.019	 0.246	3.8280	0.0016	0.0106	0.0022	1.0596e-002	1.0596e-002	4.59164e-002
23.16667	 3.047	 0.269	3.8241	0.0018	0.0112	0.0023	1.1233e-002	1.1233e-002	4.86763e-002
23.18333	 3.079	 0.293	3.8203	0.0020	0.0119	0.0025	1.1908e-002	1.1908e-002	5.16110e-002
23.20000	 3.111	 0.321	3.8164	0.0022	0.0119	0.0025	1.1931e-002	1.1931e-002	5.17292e-002
23.21667	 3.142	 0.349	3.8126	0.0024	0.0130	0.0027	1.2966e-002	1.2966e-002	5.62481e-002
23.23333	 3.175	 0.376	3.8087	0.0026	0.0140	0.0030	1.3965e-002	1.3965e-002	6.06179e-002
23.25000	 3.208	 0.405	3.8049	0.0029	0.0150	0.0032	1.5038e-002	1.5038e-002	6.53235e-002
23.26667	 3.243	 0.434	3.8011	0.0031	0.0161	0.0035	1.6111e-002	1.6111e-002	7.00433e-002
23.28333	 3.278	 0.465	3.7973	0.0034	0.0172	0.0038	1.7258e-002	1.7258e-002	7.51013e-002
23.30000	 3.313	 0.496	3.7934	0.0037	0.0184	0.0041	1.8405e-002	1.8405e-002	8.01755e-002
23.31667	 3.346	 0.526	3.7896	0.0040	0.0195	0.0044	1.9553e-002	1.9553e-002	8.52663e-002
23.33333	 3.384	 0.555	3.7858	0.0044	0.0206	0.0046	2.0625e-002	2.0625e-002	9.00498e-002
23.35000	 3.424	 0.589	3.7820	0.0047	0.0219	0.0050	2.1884e-002	2.1884e-002	9.56616e-002
23.36667	 3.461	 0.625	3.7782	0.0051	0.0232	0.0053	2.3217e-002	2.3217e-002	1.01617e-001
23.38333	 3.501	 0.658	3.7744	0.0055	0.0244	0.0056	2.4439e-002	2.4439e-002	1.07104e-001
23.40000	 3.541	 0.694	3.7706	0.0060	0.0257	0.0060	2.5771e-002	2.5771e-002	1.13098e-001
23.41667	 3.579	 0.730	3.7668	0.0064	0.0271	0.0064	2.7104e-002	2.7104e-002	1.19112e-001
23.43333	 3.622	 0.764	3.7631	0.0069	0.0283	0.0067	2.8363e-002	2.8363e-002	1.24819e-001
23.45000	 3.662	 0.803	3.7593	0.0074	0.0298	0.0071	2.9807e-002	2.9807e-002	1.31363e-001
23.46667	 3.705	 0.838	3.7555	0.0079	0.0311	0.0075	3.1140e-002	3.1140e-002	1.37435e-001
23.48333	 3.748	 0.877	3.7517	0.0085	0.0326	0.0079	3.2585e-002	3.2585e-002	1.44019e-001
23.50000	 3.791	 0.916	3.7480	0.0090	0.0340	0.0083	3.4029e-002	3.4029e-002	1.50624e-001
23.51667	 3.834	 0.955	3.7442	0.0096	0.0354	0.0088	3.5473e-002	3.5473e-002	1.57248e-001
23.53333	 3.880	 0.994	3.7405	0.0102	0.0369	0.0092	3.6918e-002	3.6918e-002	1.63891e-001
23.55000	 3.925	 1.036	3.7367	0.0109	0.0384	0.0097	3.8473e-002	3.8473e-002	1.71050e-001
23.56667	 3.973	 1.077	3.7330	0.0115	0.0400	0.0101	3.9992e-002	3.9992e-002	1.78063e-001
23.58333	 4.021	 1.121	3.7293	0.0122	0.0416	0.0106	4.1622e-002	4.1622e-002	1.85592e-001
23.60000	 4.067	 1.165	3.7255	0.0129	0.0432	0.0112	4.3252e-002	4.3252e-002	1.85592e-001
23.61667	 4.116	 1.206	3.7218	0.0137	0.0448	0.0117	4.4808e-002	4.4808e-002	2.00378e-001
23.63333	 4.164	 1.251	3.7181	0.0145	0.0464	0.0122	4.6475e-002	4.6475e-002	2.08132e-001
23.65000	 4.215	 1.295	3.7144	0.0153	0.0481	0.0127	4.8105e-002	4.8105e-002	2.15739e-001
23.66667	 4.265	 1.342	3.7106	0.0161	0.0498	0.0133	4.9846e-002	4.9846e-002	2.23864e-001
23.68333	 4.317	 1.388	3.7069	0.0170	0.0515	0.0139	5.1551e-002	5.1551e-002	2.31842e-001
23.70000	 4.367	 1.436	3.7032	0.0178	0.0533	0.0145	5.3329e-002	5.3329e-002	2.40173e-001
23.71667	 4.420	 1.482	3.6995	0.0188	0.0550	0.0151	5.5033e-002	5.5033e-002	2.48188e-001
23.73333	 4.473	 1.531	3.6958	0.0197	0.0568	0.0157	5.6849e-002	5.6849e-002	2.56724e-001
23.75000	 4.528	 1.580	3.6922	0.0207	0.0586	0.0163	5.8665e-002	5.8665e-002	2.65278e-001
23.76667	 4.580	 1.630	3.6885	0.0217	0.0605	0.0170	6.0555e-002	6.0555e-002	2.74186e-001
23.78333	 4.637	 1.678	3.6848	0.0227	0.0623	0.0177	6.2334e-002	6.2334e-002	2.82607e-001
23.80000	 4.692	 1.731	3.6811	0.0238	0.0642	0.0184	6.4298e-002	6.4298e-002	2.91889e-001
23.81667	 4.746	 1.782	3.6774	0.0249	0.0661	0.0191	6.6188e-002	6.6188e-002	3.00851e-001
23.83333	 4.801	 1.832	3.6738	0.0260	0.0680	0.0198	6.8041e-002	6.8041e-002	3.09662e-001
23.85000	 4.855	 1.883	3.6701	0.0272	0.0699	0.0205	6.9931e-002	6.9931e-002	3.18659e-001
23.86667	 4.912	 1.933	3.6665	0.0284	0.0717	0.0212	7.1784e-002	7.1784e-002	3.27503e-001
23.88333	 4.970	 1.986	3.6628	0.0296	0.0737	0.0220	7.3748e-002	7.3748e-002	3.36872e-001
23.90000	 5.028	 2.040	3.6591	0.0309	0.0757	0.0228	7.5749e-002	7.5749e-002	3.46429e-001
23.91667	 5.085	 2.093	3.6555	0.0322	0.0777	0.0236	7.7751e-002	7.7751e-002	3.56002e-001
23.93333	 5.143	 2.146	3.6519	0.0335	0.0796	0.0244	7.9715e-002	7.9715e-002	3.65423e-001
23.95000	 5.203	 2.200	3.6482	0.0349	0.0816	0.0252	8.1716e-002	8.1716e-002	3.75030e-001
23.96667	 5.264	 2.256	3.6446	0.0363	0.0837	0.0260	8.3792e-002	8.3792e-002	3.84996e-001
23.98333	 5.325	 2.313	3.6410	0.0377	0.0858	0.0269	8.5905e-002	8.5905e-002	3.95150e-001
24.00000	 5.387	 2.370	3.6373	0.0392	0.0879	0.0278	8.8018e-002	8.8018e-002	4.05322e-001
24.01667	 5.451	 2.428	3.6337	0.0407	0.0901	0.0287	9.0168e-002	9.0168e-002	4.15683e-001
24.03333	 5.513	 2.488	3.6301	0.0422	0.0923	0.0297	9.2392e-002	9.2392e-002	4.26405e-001
24.05000	 5.580	 2.546	3.6265	0.0438	0.0945	0.0306	9.4542e-002	9.4542e-002	4.36803e-001
24.06667	 5.641	 2.608	3.6229	0.0454	0.0968	0.0317	9.6878e-002	9.6878e-002	4.48077e-001
24.08333	 5.706	 2.665	3.6193	0.0470	0.0989	0.0326	9.8990e-002	9.8990e-002	4.58339e-001
24.10000	 5.771	 2.726	3.6157	0.0487	0.1012	0.0336	1.0125e-001	1.0125e-001	4.69308e-001
24.11667	 5.837	 2.787	3.6121	0.0505	0.1034	0.0347	1.0351e-001	1.0351e-001	4.80296e-001
24.13333	 5.904	 2.849	3.6085	0.0522	0.1057	0.0357	1.0581e-001	1.0581e-001	4.91475e-001
24.15000	 5.969	 2.912	3.6049	0.0540	0.1080	0.0368	1.0815e-001	1.0815e-001	5.02847e-001
24.16667	 6.037	 2.973	3.6013	0.0559	0.1103	0.0379	1.1041e-001	1.1041e-001	5.13893e-001
24.18333	 6.107	 3.037	3.5977	0.0577	0.1127	0.0391	1.1278e-001	1.1278e-001	5.25478e-001
24.20000	 6.172	 3.103	3.5942	0.0597	0.1151	0.0402	1.1523e-001	1.1523e-001	5.37430e-001
24.21667	 6.241	 3.163	3.5906	0.0616	0.1174	0.0414	1.1749e-001	1.1749e-001	5.48536e-001
24.23333	 6.312	 3.228	3.5870	0.0636	0.1198	0.0426	1.1990e-001	1.1990e-001	5.60357e-001
24.25000	 6.382	 3.295	3.5835	0.0656	0.1223	0.0438	1.2238e-001	1.2238e-001	5.72546e-001
24.26667	 6.452	 3.361	3.5799	0.0677	0.1247	0.0450	1.2483e-001	1.2483e-001	5.84583e-001
24.28333	 6.523	 3.427	3.5763	0.0698	0.1272	0.0463	1.2728e-001	1.2728e-001	5.96643e-001
24.30000	 6.595	 3.494	3.5728	0.0720	0.1296	0.0476	1.2976e-001	1.2976e-001	6.08898e-001
24.31667	 6.669	 3.562	3.5692	0.0742	0.1322	0.0489	1.3228e-001	1.3228e-001	6.21351e-001
24.33333	 6.743	 3.632	3.5657	0.0765	0.1348	0.0503	1.3488e-001	1.3488e-001	6.34175e-001
24.35000	 6.815	 3.702	3.5622	0.0787	0.1373	0.0517	1.3748e-001	1.3748e-001	6.47023e-001
24.36667	 6.889	 3.769	3.5586	0.0811	0.1399	0.0530	1.4000e-001	1.4000e-001	6.59546e-001
24.38333	 6.964	 3.839	3.5551	0.0834	0.1425	0.0545	1.4259e-001	1.4259e-001	6.72441e-001
24.40000	 7.040	 3.910	3.5516	0.0859	0.1451	0.0559	1.4523e-001	1.4523e-001	6.85536e-001
24.41667	 7.117	 3.982	3.5480	0.0883	0.1478	0.0574	1.4790e-001	1.4790e-001	6.98831e-001
24.43333	 7.191	 4.055	3.5445	0.0908	0.1505	0.0589	1.5060e-001	1.5060e-001	7.12326e-001
24.45000	 7.268	 4.125	3.5410	0.0934	0.1531	0.0605	1.5320e-001	1.5320e-001	7.25319e-001
24.46667	 7.343	 4.198	3.5375	0.0960	0.1558	0.0620	1.5591e-001	1.5591e-001	7.38864e-001
24.48333	 7.420	 4.269	3.5340	0.0986	0.1584	0.0636	1.5854e-001	1.5854e-001	7.52083e-001
24.50000	 7.497	 4.342	3.5305	0.1013	0.1611	0.0652	1.6124e-001	1.6124e-001	7.65678e-001
24.51667	 7.573	 4.414	3.5269	0.1040	0.1638	0.0668	1.6395e-001	1.6395e-001	7.79299e-001
24.53333	 7.652	 4.486	3.5234	0.1068	0.1665	0.0685	1.6662e-001	1.6662e-001	7.92768e-001
24.55000	 7.732	 4.561	3.5199	0.1096	0.1692	0.0702	1.6940e-001	1.6940e-001	8.06792e-001
24.56667	 7.808	 4.637	3.5165	0.1125	0.1721	0.0719	1.7222e-001	1.7222e-001	8.21020e-001
24.58333	 7.885	 4.709	3.5130	0.1154	0.1747	0.0736	1.7489e-001	1.7489e-001	8.34565e-001
24.60000	 7.966	 4.782	3.5095	0.1184	0.1774	0.0754	1.7760e-001	1.7760e-001	8.48312e-001
24.61667	 8.045	 4.859	3.5060	0.1214	0.1803	0.0772	1.8045e-001	1.8045e-001	8.62794e-001
24.63333	 8.125	 4.934	3.5025	0.1244	0.1831	0.0790	1.8324e-001	1.8324e-001	8.76946e-001
24.65000	 8.205	 5.010	3.4990	0.1275	0.1859	0.0809	1.8605e-001	1.8605e-001	8.91302e-001
24.66667	 8.281	 5.085	3.4956	0.1307	0.1887	0.0827	1.8887e-001	1.8887e-001	9.05683e-001
24.68333	 8.361	 5.157	3.4921	0.1339	0.1914	0.0846	1.9154e-001	1.9154e-001	9.19376e-001
24.70000	 8.441	 5.233	3.4886	0.1371	0.1942	0.0865	1.9436e-001	1.9436e-001	9.33807e-001
24.71667	 8.519	 5.309	3.4852	0.1404	0.1970	0.0885	1.9718e-001	1.9718e-001	9.48262e-001
24.73333	 8.598	 5.383	3.4817	0.1437	0.1997	0.0904	1.9992e-001	1.9992e-001	9.62385e-001
24.75000	 8.676	 5.458	3.4782	0.1471	0.2025	0.0924	2.0271e-001	2.0271e-001	9.76709e-001
24.76667	 8.754	 5.532	3.4748	0.1505	0.2053	0.0944	2.0545e-001	2.0545e-001	9.90879e-001
24.78333	 8.833	 5.606	3.4713	0.1540	0.2080	0.0964	2.0819e-001	2.0819e-001	1.00507e+000
24.80000	 8.909	 5.681	3.4679	0.1575	0.2108	0.0985	2.1097e-001	2.1097e-001	1.01947e+000
24.81667	 8.987	 5.752	3.4644	0.1611	0.2134	0.1006	2.1364e-001	2.1364e-001	1.03334e+000
24.83333	 9.063	 5.826	3.4610	0.1647	0.2162	0.1027	2.1639e-001	2.1639e-001	1.04760e+000
24.85000	 9.139	 5.898	3.4576	0.1683	0.2189	0.1047	2.1906e-001	2.1906e-001	1.06152e+000
24.86667	 9.218	 5.970	3.4541	0.1720	0.2215	0.1069	2.2173e-001	2.2173e-001	1.07546e+000
24.88333	 9.294	 6.045	3.4507	0.1757	0.2243	0.1091	2.2451e-001	2.2451e-001	1.08997e+000
24.90000	 9.369	 6.117	3.4473	0.1795	0.2270	0.1112	2.2718e-001	2.2718e-001	1.10395e+000
24.91667	 9.444	 6.188	3.4438	0.1834	0.2296	0.1134	2.2981e-001	2.2981e-001	1.11777e+000
24.93333	 9.517	 6.259	3.4404	0.1872	0.2322	0.1156	2.3245e-001	2.3245e-001	1.13161e+000
24.95000	 9.593	 6.328	3.4370	0.1911	0.2348	0.1178	2.3500e-001	2.3500e-001	1.14510e+000
24.96667	 9.667	 6.399	3.4336	0.1951	0.2375	0.1201	2.3767e-001	2.3767e-001	1.15916e+000
24.98333	 9.739	 6.469	3.4302	0.1991	0.2400	0.1224	2.4027e-001	2.4027e-001	1.17286e+000
25.00000	 9.813	 6.537	3.4267	0.2031	0.2426	0.1246	2.4279e-001	2.4279e-001	1.18623e+000
25.01667	 9.885	 6.607	3.4233	0.2072	0.2452	0.1270	2.4539e-001	2.4539e-001	1.19997e+000
25.03333	 9.955	 6.675	3.4199	0.2114	0.2477	0.1293	2.4791e-001	2.4791e-001	1.21336e+000
25.05000	10.024	 6.741	3.4165	0.2155	0.2501	0.1316	2.5036e-001	2.5036e-001	1.22641e+000
25.06667	10.093	 6.806	3.4131	0.2197	0.2525	0.1339	2.5277e-001	2.5277e-001	1.23928e+000
25.08333	10.160	 6.871	3.4097	0.2240	0.2549	0.1362	2.5518e-001	2.5518e-001	1.25217e+000
25.10000	10.229	 6.934	3.4063	0.2283	0.2573	0.1385	2.5751e-001	2.5751e-001	1.26470e+000
25.11667	10.296	 6.998	3.4029	0.2326	0.2597	0.1409	2.5992e-001	2.5992e-001	1.27762e+000
25.13333	10.361	 7.061	3.3995	0.2370	0.2620	0.1433	2.6226e-001	2.6226e-001	1.29017e+000
25.15000	10.428	 7.122	3.3962	0.2414	0.2643	0.1457	2.6452e-001	2.6452e-001	1.30237e+000
25.16667	10.492	 7.185	3.3928	0.2458	0.2666	0.1481	2.6685e-001	2.6685e-001	1.31495e+000
25.18333	10.553	 7.245	3.3894	0.2503	0.2688	0.1505	2.6908e-001	2.6908e-001	1.32698e+000
25.20000	10.618	 7.302	3.3860	0.2548	0.2709	0.1529	2.7119e-001	2.7119e-001	1.33848e+000
25.21667	10.678	 7.363	3.3826	0.2594	0.2732	0.1554	2.7345e-001	2.7345e-001	1.35071e+000
25.23333	10.739	 7.419	3.3793	0.2640	0.2753	0.1578	2.7553e-001	2.7553e-001	1.36204e+000
25.25000	10.797	 7.476	3.3759	0.2686	0.2774	0.1602	2.7764e-001	2.7764e-001	1.37355e+000
25.26667	10.857	 7.530	3.3725	0.2733	0.2794	0.1626	2.7964e-001	2.7964e-001	1.38452e+000
25.28333	10.911	 7.585	3.3692	0.2779	0.2815	0.1651	2.8172e-001	2.8172e-001	1.39586e+000
25.30000	10.967	 7.635	3.3658	0.2827	0.2833	0.1675	2.8357e-001	2.8357e-001	1.40610e+000
25.31667	11.019	 7.687	3.3624	0.2874	0.2852	0.1699	2.8550e-001	2.8550e-001	1.41671e+000
25.33333	11.068	 7.735	3.3591	0.2922	0.2870	0.1723	2.8728e-001	2.8728e-001	1.42658e+000
25.35000	11.121	 7.780	3.3557	0.2970	0.2887	0.1747	2.8894e-001	2.8894e-001	1.43590e+000
25.36667	11.169	 7.829	3.3524	0.3019	0.2905	0.1771	2.9076e-001	2.9076e-001	1.44597e+000
25.38333	11.216	 7.873	3.3490	0.3067	0.2921	0.1795	2.9239e-001	2.9239e-001	1.45511e+000
25.40000	11.264	 7.916	3.3457	0.3116	0.2937	0.1819	2.9398e-001	2.9398e-001	1.46406e+000
25.41667	11.309	 7.960	3.3423	0.3166	0.2953	0.1843	2.9561e-001	2.9561e-001	1.47320e+000
25.43333	11.351	 8.000	3.3390	0.3215	0.2969	0.1867	2.9713e-001	2.9713e-001	1.48178e+000
25.45000	11.392	 8.038	3.3356	0.3265	0.2983	0.1890	2.9854e-001	2.9854e-001	1.48981e+000
25.46667	11.434	 8.075	3.3323	0.3315	0.2996	0.1914	2.9991e-001	2.9991e-001	1.49765e+000
25.48333	11.473	 8.113	3.3290	0.3365	0.3010	0.1937	3.0132e-001	3.0132e-001	1.50567e+000
25.50000	11.509	 8.148	3.3256	0.3415	0.3023	0.1961	3.0261e-001	3.0261e-001	1.51313e+000
25.51667	11.544	 8.180	3.3223	0.3466	0.3035	0.1984	3.0380e-001	3.0380e-001	1.52003e+000
25.53333	11.577	 8.211	3.3190	0.3517	0.3047	0.2006	3.0494e-001	3.0494e-001	1.52674e+000
25.55000	11.607	 8.240	3.3156	0.3568	0.3057	0.2029	3.0602e-001	3.0602e-001	1.53307e+000
25.56667	11.636	 8.266	3.3123	0.3619	0.3067	0.2051	3.0698e-001	3.0698e-001	1.53884e+000
25.58333	11.662	 8.290	3.3090	0.3670	0.3076	0.2073	3.0790e-001	3.0790e-001	1.54442e+000
25.60000	11.688	 8.312	3.3057	0.3721	0.3084	0.2094	3.0871e-001	3.0871e-001	1.54943e+000
25.61667	11.713	 8.334	3.3023	0.3773	0.3092	0.2116	3.0953e-001	3.0953e-001	1.55444e+000
25.63333	11.731	 8.355	3.2990	0.3825	0.3100	0.2138	3.1030e-001	3.1030e-001	1.55925e+000
25.65000	11.751	 8.369	3.2957	0.3876	0.3105	0.2157	3.1082e-001	3.1082e-001	1.56276e+000
25.66667	11.768	 8.385	3.2924	0.3928	0.3111	0.2178	3.1141e-001	3.1141e-001	1.56662e+000
25.68333	11.782	 8.398	3.2891	0.3980	0.3116	0.2198	3.1189e-001	3.1189e-001	1.56992e+000
25.70000	11.797	 8.408	3.2858	0.4032	0.3120	0.2218	3.1226e-001	3.1226e-001	1.57265e+000
25.71667	11.805	 8.419	3.2825	0.4084	0.3124	0.2237	3.1266e-001	3.1266e-001	1.57556e+000
25.73333	11.812	 8.422	3.2791	0.4136	0.3125	0.2256	3.1280e-001	3.1280e-001	1.57715e+000
25.75000	11.818	 8.425	3.2758	0.4189	0.3126	0.2274	3.1291e-001	3.1291e-001	1.57854e+000
25.76667	11.822	 8.427	3.2725	0.4241	0.3127	0.2291	3.1298e-001	3.1298e-001	1.57974e+000
25.78333	11.822	 8.427	3.2692	0.4293	0.3127	0.2309	3.1298e-001	3.1298e-001	1.58061e+000
25.80000	11.816	 8.423	3.2659	0.4345	0.3125	0.2325	3.1282e-001	3.1282e-001	1.57952e+000
25.81667	11.812	 8.413	3.2626	0.4397	0.3122	0.2340	3.1245e-001	3.1245e-001	1.57952e+000
25.83333	11.804	 8.405	3.2593	0.4449	0.3119	0.2356	3.1215e-001	3.1215e-001	1.57880e+000
25.85000	11.790	 8.393	3.2561	0.4501	0.3114	0.2370	3.1170e-001	3.1170e-001	1.57732e+000
25.86667	11.774	 8.375	3.2528	0.4553	0.3107	0.2383	3.1103e-001	3.1103e-001	1.57470e+000
25.88333	11.754	 8.354	3.2495	0.4604	0.3100	0.2396	3.1028e-001	3.1028e-001	1.57169e+000
25.90000	11.734	 8.330	3.2462	0.4656	0.3091	0.2407	3.0938e-001	3.0938e-001	1.56792e+000
25.91667	11.713	 8.306	3.2429	0.4707	0.3082	0.2418	3.0849e-001	3.0849e-001	1.56413e+000
25.93333	11.688	 8.281	3.2396	0.4759	0.3073	0.2429	3.0756e-001	3.0756e-001	1.56015e+000
25.95000	11.661	 8.252	3.2363	0.4810	0.3062	0.2439	3.0647e-001	3.0647e-001	1.55540e+000
25.96667	11.632	 8.221	3.2330	0.4860	0.3050	0.2448	3.0532e-001	3.0532e-001	1.55025e+000
25.98333	11.605	 8.188	3.2298	0.4911	0.3038	0.2457	3.0409e-001	3.0409e-001	1.54472e+000
26.00000	11.577	 8.157	3.2265	0.4962	0.3027	0.2466	3.0293e-001	3.0293e-001	1.53955e+000
26.01667	11.544	 8.125	3.2232	0.5012	0.3015	0.2475	3.0174e-001	3.0174e-001	1.53418e+000
26.03333	11.512	 8.087	3.2199	0.5062	0.3001	0.2482	3.0036e-001	3.0036e-001	1.52786e+000
26.05000	11.481	 8.051	3.2167	0.5112	0.2987	0.2490	2.9902e-001	2.9902e-001	1.52171e+000
26.06667	11.448	 8.016	3.2134	0.5161	0.2974	0.2498	2.9772e-001	2.9772e-001	1.51573e+000
26.08333	11.412	 7.979	3.2101	0.5211	0.2961	0.2505	2.9634e-001	2.9634e-001	1.50937e+000
26.10000	11.377	 7.939	3.2069	0.5260	0.2946	0.2511	2.9485e-001	2.9485e-001	1.50242e+000
26.11667	11.343	 7.900	3.2036	0.5309	0.2931	0.2518	2.9340e-001	2.9340e-001	1.49566e+000
26.13333	11.305	 7.862	3.2003	0.5357	0.2917	0.2524	2.9198e-001	2.9198e-001	1.48906e+000
26.15000	11.264	 7.820	3.1971	0.5406	0.2902	0.2530	2.9042e-001	2.9042e-001	1.48170e+000
26.16667	11.228	 7.775	3.1938	0.5454	0.2885	0.2534	2.8874e-001	2.8874e-001	1.47376e+000
26.18333	11.191	 7.734	3.1905	0.5501	0.2870	0.2540	2.8725e-001	2.8725e-001	1.46675e+000
26.20000	11.151	 7.693	3.1873	0.5549	0.2855	0.2546	2.8573e-001	2.8573e-001	1.45954e+000
26.21667	11.110	 7.649	3.1840	0.5596	0.2838	0.2550	2.8409e-001	2.8409e-001	1.45175e+000
26.23333	11.071	 7.604	3.1807	0.5643	0.2822	0.2554	2.8241e-001	2.8241e-001	1.44375e+000
26.25000	11.029	 7.561	3.1775	0.5690	0.2806	0.2559	2.8081e-001	2.8081e-001	1.43613e+000
26.26667	10.987	 7.515	3.1742	0.5737	0.2788	0.2562	2.7910e-001	2.7910e-001	1.42792e+000
26.28333	10.948	 7.469	3.1710	0.5783	0.2771	0.2566	2.7739e-001	2.7739e-001	1.41969e+000
26.30000	10.910	 7.426	3.1677	0.5829	0.2755	0.2570	2.7578e-001	2.7578e-001	1.41203e+000
26.31667	10.874	 7.384	3.1645	0.5874	0.2740	0.2575	2.7422e-001	2.7422e-001	1.39742e+000
26.33333	10.837	 7.343	3.1612	0.5920	0.2725	0.2580	2.7273e-001	2.7273e-001	1.39742e+000
26.35000	10.800	 7.302	3.1580	0.5965	0.2710	0.2585	2.7120e-001	2.7120e-001	1.39010e+000
26.36667	10.768	 7.261	3.1547	0.6010	0.2694	0.2590	2.6968e-001	2.6968e-001	1.38277e+000
26.38333	10.731	 7.225	3.1515	0.6055	0.2681	0.2596	2.6834e-001	2.6834e-001	1.37637e+000
26.40000	10.701	 7.184	3.1482	0.6099	0.2666	0.2601	2.6681e-001	2.6681e-001	1.36902e+000
26.41667	10.669	 7.150	3.1450	0.6143	0.2653	0.2608	2.6554e-001	2.6554e-001	1.36298e+000
26.43333	10.636	 7.114	3.1417	0.6187	0.2640	0.2614	2.6420e-001	2.6420e-001	1.35655e+000
26.45000	10.605	 7.077	3.1385	0.6231	0.2626	0.2620	2.6282e-001	2.6282e-001	1.34992e+000
26.46667	10.573	 7.042	3.1353	0.6275	0.2613	0.2627	2.6152e-001	2.6152e-001	1.34366e+000
26.48333	10.541	 7.005	3.1320	0.6318	0.2599	0.2633	2.6018e-001	2.6018e-001	1.33720e+000
26.50000	10.506	 6.969	3.1288	0.6361	0.2586	0.2639	2.5884e-001	2.5884e-001	1.33073e+000
26.51667	10.475	 6.930	3.1255	0.6404	0.2571	0.2644	2.5738e-001	2.5738e-001	1.32367e+000
26.53333	10.438	 6.895	3.1223	0.6447	0.2558	0.2650	2.5608e-001	2.5608e-001	1.31736e+000
26.55000	10.403	 6.854	3.1191	0.6489	0.2543	0.2654	2.5455e-001	2.5455e-001	1.30990e+000
26.56667	10.366	 6.815	3.1158	0.6531	0.2529	0.2658	2.5310e-001	2.5310e-001	1.30280e+000
26.58333	10.328	 6.774	3.1126	0.6573	0.2513	0.2662	2.5157e-001	2.5157e-001	1.29531e+000
26.60000	10.290	 6.732	3.1093	0.6615	0.2498	0.2665	2.5001e-001	2.5001e-001	1.28762e+000
26.61667	10.250	 6.690	3.1061	0.6656	0.2482	0.2668	2.4845e-001	2.4845e-001	1.27991e+000
26.63333	10.212	 6.645	3.1029	0.6697	0.2466	0.2671	2.4681e-001	2.4681e-001	1.27181e+000
26.65000	10.173	 6.603	3.0996	0.6738	0.2450	0.2674	2.4524e-001	2.4524e-001	1.26408e+000
26.66667	10.128	 6.560	3.0964	0.6779	0.2434	0.2676	2.4364e-001	2.4364e-001	1.25614e+000
26.68333	10.089	 6.511	3.0932	0.6819	0.2416	0.2676	2.4182e-001	2.4182e-001	1.24705e+000
26.70000	10.049	 6.468	3.0899	0.6859	0.2400	0.2678	2.4022e-001	2.4022e-001	1.23908e+000
26.71667	10.008	 6.424	3.0867	0.6899	0.2384	0.2679	2.3858e-001	2.3858e-001	1.23092e+000
26.73333	 9.968	 6.379	3.0835	0.6938	0.2367	0.2681	2.3690e-001	2.3690e-001	1.23092e+000
26.75000	 9.931	 6.335	3.0803	0.6977	0.2350	0.2682	2.3527e-001	2.3527e-001	1.21435e+000
26.76667	 9.892	 6.294	3.0770	0.7016	0.2335	0.2684	2.3374e-001	2.3374e-001	1.20672e+000
26.78333	 9.854	 6.250	3.0738	0.7055	0.2319	0.2686	2.3214e-001	2.3214e-001	1.19870e+000
26.80000	 9.821	 6.208	3.0706	0.7093	0.2304	0.2688	2.3057e-001	2.3057e-001	1.19085e+000
26.81667	 9.784	 6.171	3.0673	0.7131	0.2290	0.2692	2.2920e-001	2.2920e-001	1.18395e+000
26.83333	 9.750	 6.130	3.0641	0.7169	0.2275	0.2694	2.2767e-001	2.2767e-001	1.17627e+000
26.85000	 9.715	 6.092	3.0609	0.7207	0.2260	0.2697	2.2625e-001	2.2625e-001	1.16915e+000
26.86667	 9.684	 6.053	3.0577	0.7245	0.2246	0.2699	2.2480e-001	2.2480e-001	1.16183e+000
26.88333	 9.649	 6.018	3.0544	0.7282	0.2233	0.2704	2.2350e-001	2.2350e-001	1.15526e+000
26.90000	 9.615	 5.979	3.0512	0.7319	0.2218	0.2706	2.2204e-001	2.2204e-001	1.14792e+000
26.91667	 9.584	 5.941	3.0480	0.7355	0.2204	0.2709	2.2063e-001	2.2063e-001	1.14075e+000
26.93333	 9.546	 5.905	3.0448	0.7392	0.2191	0.2713	2.1932e-001	2.1932e-001	1.13415e+000
26.95000	 9.514	 5.863	3.0415	0.7428	0.2176	0.2714	2.1776e-001	2.1776e-001	1.12619e+000
26.96667	 9.480	 5.827	3.0383	0.7464	0.2162	0.2717	2.1642e-001	2.1642e-001	1.11937e+000
26.98333	 9.443	 5.789	3.0351	0.7500	0.2148	0.2719	2.1500e-001	2.1500e-001	1.11216e+000
27.00000	 9.405	 5.748	3.0319	0.7536	0.2133	0.2720	2.1348e-001	2.1348e-001	1.10436e+000
27.01667	 9.365	 5.706	3.0287	0.7571	0.2117	0.2720	2.1191e-001	2.1191e-001	1.09635e+000
27.03333	 9.326	 5.662	3.0254	0.7606	0.2101	0.2720	2.1028e-001	2.1028e-001	1.08795e+000
27.05000	 9.284	 5.619	3.0222	0.7641	0.2085	0.2719	2.0867e-001	2.0867e-001	1.07973e+000
27.06667	 9.242	 5.573	3.0190	0.7675	0.2068	0.2717	2.0696e-001	2.0696e-001	1.07092e+000
27.08333	 9.201	 5.526	3.0158	0.7709	0.2051	0.2714	2.0525e-001	2.0525e-001	1.05347e+000
27.10000	 9.158	 5.481	3.0125	0.7743	0.2034	0.2712	2.0357e-001	2.0357e-001	1.05347e+000
27.11667	 9.111	 5.434	3.0093	0.7777	0.2016	0.2709	2.0182e-001	2.0182e-001	1.04444e+000
27.13333	 9.066	 5.383	3.0061	0.7810	0.1997	0.2703	1.9993e-001	1.9993e-001	1.03463e+000
27.15000	 9.021	 5.334	3.0029	0.7843	0.1979	0.2699	1.9810e-001	1.9810e-001	1.02520e+000
27.16667	 8.978	 5.285	2.9997	0.7876	0.1961	0.2694	1.9628e-001	1.9628e-001	1.01575e+000
27.18333	 8.930	 5.238	2.9964	0.7908	0.1943	0.2690	1.9453e-001	1.9453e-001	1.00668e+000
27.20000	 8.885	 5.186	2.9932	0.7940	0.1924	0.2683	1.9259e-001	1.9259e-001	9.96647e-001
27.21667	 8.837	 5.137	2.9900	0.7972	0.1906	0.2677	1.9077e-001	1.9077e-001	9.87177e-001
27.23333	 8.791	 5.084	2.9868	0.8004	0.1887	0.2670	1.8883e-001	1.8883e-001	9.77123e-001
27.25000	 8.746	 5.034	2.9835	0.8035	0.1868	0.2663	1.8697e-001	1.8697e-001	9.67445e-001
27.26667	 8.703	 4.985	2.9803	0.8066	0.1850	0.2657	1.8515e-001	1.8515e-001	9.57952e-001
27.28333	 8.661	 4.938	2.9771	0.8096	0.1832	0.2651	1.8340e-001	1.8340e-001	9.48837e-001
27.30000	 8.621	 4.892	2.9739	0.8126	0.1815	0.2646	1.8169e-001	1.8169e-001	9.39907e-001
27.31667	 8.583	 4.848	2.9707	0.8156	0.1799	0.2642	1.8005e-001	1.8005e-001	9.31355e-001
27.33333	 8.545	 4.806	2.9674	0.8186	0.1783	0.2638	1.7848e-001	1.7848e-001	9.23181e-001
27.35000	 8.509	 4.764	2.9642	0.8216	0.1768	0.2634	1.7692e-001	1.7692e-001	9.15001e-001
27.36667	 8.475	 4.724	2.9610	0.8245	0.1753	0.2632	1.7543e-001	1.7543e-001	9.07200e-001
27.38333	 8.442	 4.685	2.9578	0.8274	0.1739	0.2630	1.7401e-001	1.7401e-001	8.99778e-001
27.40000	 8.409	 4.648	2.9545	0.8303	0.1725	0.2629	1.7264e-001	1.7264e-001	8.92543e-001
27.41667	 8.376	 4.611	2.9513	0.8331	0.1711	0.2627	1.7126e-001	1.7126e-001	8.85304e-001
27.43333	 8.343	 4.574	2.9481	0.8359	0.1697	0.2625	1.6988e-001	1.6988e-001	8.78060e-001
27.45000	 8.310	 4.537	2.9449	0.8387	0.1683	0.2623	1.6850e-001	1.6850e-001	8.63560e-001
27.46667	 8.277	 4.500	2.9417	0.8415	0.1670	0.2621	1.6712e-001	1.6712e-001	8.63560e-001
27.48333	 8.240	 4.463	2.9384	0.8443	0.1656	0.2619	1.6575e-001	1.6575e-001	8.56305e-001
27.50000	 8.205	 4.422	2.9352	0.8470	0.1641	0.2614	1.6422e-001	1.6422e-001	8.48280e-001
27.51667	 8.165	 4.383	2.9320	0.8497	0.1626	0.2610	1.6277e-001	1.6277e-001	8.40635e-001
27.53333	 8.128	 4.338	2.9288	0.8524	0.1610	0.2603	1.6113e-001	1.6113e-001	8.32030e-001
27.55000	 8.087	 4.297	2.9255	0.8551	0.1595	0.2598	1.5960e-001	1.5960e-001	8.23998e-001
27.56667	 8.050	 4.252	2.9223	0.8577	0.1578	0.2590	1.5793e-001	1.5793e-001	8.15198e-001
27.58333	 8.012	 4.211	2.9191	0.8603	0.1563	0.2584	1.5640e-001	1.5640e-001	8.07164e-001
27.60000	 7.970	 4.169	2.9158	0.8629	0.1547	0.2577	1.5483e-001	1.5483e-001	7.98936e-001
27.61667	 7.933	 4.123	2.9126	0.8654	0.1530	0.2568	1.5312e-001	1.5312e-001	7.89942e-001
27.63333	 7.889	 4.082	2.9094	0.8680	0.1515	0.2561	1.5160e-001	1.5160e-001	7.81906e-001
27.65000	 7.850	 4.034	2.9062	0.8705	0.1497	0.2550	1.4981e-001	1.4981e-001	7.72529e-001
27.66667	 7.812	 3.991	2.9029	0.8729	0.1481	0.2541	1.4821e-001	1.4821e-001	7.64110e-001
27.68333	 7.773	 3.948	2.8997	0.8754	0.1465	0.2533	1.4664e-001	1.4664e-001	7.55883e-001
27.70000	 7.736	 3.905	2.8965	0.8778	0.1449	0.2524	1.4504e-001	1.4504e-001	7.47466e-001
27.71667	 7.695	 3.864	2.8932	0.8802	0.1434	0.2516	1.4352e-001	1.4352e-001	7.39432e-001
27.73333	 7.655	 3.819	2.8900	0.8825	0.1417	0.2506	1.4184e-001	1.4184e-001	7.30634e-001
27.75000	 7.615	 3.775	2.8868	0.8849	0.1401	0.2495	1.4020e-001	1.4020e-001	7.22028e-001
27.76667	 7.573	 3.731	2.8835	0.8872	0.1384	0.2485	1.3856e-001	1.3856e-001	7.13425e-001
27.78333	 7.534	 3.685	2.8803	0.8895	0.1367	0.2472	1.3685e-001	1.3685e-001	7.04440e-001
27.80000	 7.492	 3.642	2.8771	0.8917	0.1351	0.2462	1.3525e-001	1.3525e-001	6.96032e-001
27.81667	 7.449	 3.596	2.8738	0.8939	0.1334	0.2449	1.3354e-001	1.3354e-001	6.87052e-001
27.83333	 7.405	 3.548	2.8706	0.8961	0.1317	0.2435	1.3179e-001	1.3179e-001	6.68526e-001
27.85000	 7.365	 3.500	2.8674	0.8983	0.1299	0.2419	1.3000e-001	1.3000e-001	6.68526e-001
27.86667	 7.322	 3.456	2.8641	0.9004	0.1282	0.2407	1.2836e-001	1.2836e-001	6.59936e-001
27.88333	 7.281	 3.409	2.8609	0.9025	0.1265	0.2392	1.2661e-001	1.2661e-001	6.50775e-001
27.90000	 7.237	 3.364	2.8576	0.9046	0.1248	0.2378	1.2494e-001	1.2494e-001	6.41999e-001
27.91667	 7.197	 3.316	2.8544	0.9067	0.1230	0.2361	1.2315e-001	1.2315e-001	6.32653e-001
27.93333	 7.158	 3.272	2.8512	0.9087	0.1214	0.2347	1.2151e-001	1.2151e-001	6.24074e-001
27.95000	 7.119	 3.229	2.8479	0.9107	0.1198	0.2334	1.1991e-001	1.1991e-001	6.15687e-001
27.96667	 7.084	 3.186	2.8447	0.9127	0.1182	0.2320	1.1831e-001	1.1831e-001	6.07304e-001
27.98333	 7.046	 3.146	2.8414	0.9146	0.1168	0.2309	1.1686e-001	1.1686e-001	5.99685e-001
28.00000	 7.014	 3.104	2.8382	0.9165	0.1152	0.2295	1.1529e-001	1.1529e-001	5.91497e-001
28.01667	 6.983	 3.068	2.8349	0.9184	0.1138	0.2285	1.1395e-001	1.1395e-001	5.84454e-001
28.03333	 6.956	 3.033	2.8317	0.9203	0.1125	0.2276	1.1265e-001	1.1265e-001	5.77603e-001
28.05000	 6.928	 3.002	2.8284	0.9222	0.1114	0.2270	1.1149e-001	1.1149e-001	5.71516e-001
28.06667	 6.900	 2.970	2.8252	0.9240	0.1102	0.2262	1.1030e-001	1.1030e-001	5.65239e-001
28.08333	 6.875	 2.938	2.8219	0.9258	0.1090	0.2255	1.0911e-001	1.0911e-001	5.58963e-001
28.10000	 6.851	 2.909	2.8187	0.9276	0.1079	0.2249	1.0803e-001	1.0803e-001	5.53259e-001
28.11667	 6.830	 2.881	2.8154	0.9294	0.1069	0.2244	1.0698e-001	1.0698e-001	5.47746e-001
28.13333	 6.806	 2.855	2.8122	0.9312	0.1060	0.2241	1.0605e-001	1.0605e-001	5.42804e-001
28.15000	 6.783	 2.827	2.8089	0.9329	0.1049	0.2236	1.0501e-001	1.0501e-001	5.37291e-001
28.16667	 6.760	 2.800	2.8057	0.9346	0.1039	0.2231	1.0400e-001	1.0400e-001	5.31969e-001
28.18333	 6.737	 2.773	2.8024	0.9364	0.1029	0.2226	1.0299e-001	1.0299e-001	5.26646e-001
28.20000	 6.713	 2.746	2.7991	0.9381	0.1019	0.2221	1.0199e-001	1.0199e-001	5.21323e-001
28.21667	 6.688	 2.718	2.7959	0.9397	0.1008	0.2215	1.0094e-001	1.0094e-001	5.15810e-001
28.23333	 6.665	 2.689	2.7926	0.9414	0.0998	0.2208	9.9860e-002	9.9860e-002	5.10107e-001
28.25000	 6.638	 2.662	2.7893	0.9431	0.0988	0.2202	9.8853e-002	9.8853e-002	5.04783e-001
28.26667	 6.611	 2.631	2.7861	0.9447	0.0976	0.2193	9.7698e-002	9.7698e-002	4.92616e-001
28.28333	 6.582	 2.599	2.7828	0.9463	0.0965	0.2183	9.6542e-002	9.6542e-002	4.92616e-001
28.30000	 6.554	 2.566	2.7795	0.9479	0.0952	0.2171	9.5313e-002	9.5313e-002	4.86153e-001
28.31667	 6.526	 2.534	2.7763	0.9494	0.0940	0.2160	9.4120e-002	9.4120e-002	4.79880e-001
28.33333	 6.494	 2.502	2.7730	0.9510	0.0928	0.2149	9.2927e-002	9.2927e-002	4.73606e-001
28.35000	 6.462	 2.466	2.7697	0.9525	0.0915	0.2134	9.1586e-002	9.1586e-002	4.66575e-001
28.36667	 6.434	 2.430	2.7665	0.9540	0.0902	0.2119	9.0245e-002	9.0245e-002	4.59543e-001
28.38333	 6.401	 2.398	2.7632	0.9555	0.0890	0.2107	8.9053e-002	8.9053e-002	4.53269e-001
28.40000	 6.370	 2.361	2.7599	0.9570	0.0876	0.2090	8.7674e-002	8.7674e-002	4.46049e-001
28.41667	 6.336	 2.326	2.7566	0.9584	0.0863	0.2074	8.6370e-002	8.6370e-002	4.39207e-001
28.43333	 6.304	 2.287	2.7533	0.9598	0.0849	0.2056	8.4955e-002	8.4955e-002	4.31799e-001
28.45000	 6.275	 2.251	2.7501	0.9612	0.0835	0.2039	8.3614e-002	8.3614e-002	4.24769e-001
28.46667	 6.244	 2.218	2.7468	0.9626	0.0823	0.2024	8.2384e-002	8.2384e-002	4.18305e-001
28.48333	 6.215	 2.183	2.7435	0.9639	0.0810	0.2007	8.1080e-002	8.1080e-002	4.11465e-001
28.50000	 6.186	 2.150	2.7402	0.9653	0.0798	0.1992	7.9850e-002	7.9850e-002	4.05002e-001
28.51667	 6.158	 2.117	2.7369	0.9666	0.0785	0.1976	7.8621e-002	7.8621e-002	3.98539e-001
28.53333	 6.133	 2.085	2.7336	0.9679	0.0774	0.1961	7.7428e-002	7.7428e-002	3.92265e-001
28.55000	 6.104	 2.056	2.7303	0.9691	0.0763	0.1948	7.6347e-002	7.6347e-002	3.86556e-001
28.56667	 6.077	 2.023	2.7270	0.9704	0.0750	0.1931	7.5117e-002	7.5117e-002	3.80096e-001
28.58333	 6.053	 1.991	2.7237	0.9716	0.0739	0.1916	7.3962e-002	7.3962e-002	3.74013e-001
28.60000	 6.029	 1.963	2.7204	0.9728	0.0729	0.1903	7.2918e-002	7.2918e-002	3.68494e-001
28.61667	 6.006	 1.935	2.7171	0.9740	0.0718	0.1890	7.1874e-002	7.1874e-002	3.62976e-001
28.63333	 5.985	 1.908	2.7138	0.9752	0.0708	0.1878	7.0867e-002	7.0867e-002	3.57647e-001
28.65000	 5.963	 1.883	2.7105	0.9764	0.0699	0.1868	6.9934e-002	6.9934e-002	3.52694e-001
28.66667	 5.941	 1.857	2.7072	0.9775	0.0689	0.1856	6.8964e-002	6.8964e-002	3.47556e-001
28.68333	 5.920	 1.831	2.7039	0.9787	0.0679	0.1844	6.7995e-002	6.7995e-002	3.42420e-001
28.70000	 5.898	 1.806	2.7006	0.9798	0.0670	0.1832	6.7062e-002	6.7062e-002	3.37473e-001
28.71667	 5.877	 1.780	2.6973	0.9809	0.0660	0.1820	6.6092e-002	6.6092e-002	3.32343e-001
28.73333	 5.854	 1.754	2.6940	0.9820	0.0651	0.1808	6.5160e-002	6.5160e-002	3.27404e-001
28.75000	 5.834	 1.727	2.6907	0.9830	0.0641	0.1793	6.4153e-002	6.4153e-002	3.22096e-001
28.76667	 5.811	 1.703	2.6874	0.9841	0.0632	0.1782	6.3257e-002	6.3257e-002	3.17352e-001
28.78333	 5.789	 1.676	2.6840	0.9851	0.0622	0.1767	6.2251e-002	6.2251e-002	3.12055e-001
28.80000	 5.765	 1.650	2.6807	0.9861	0.0612	0.1753	6.1281e-002	6.1281e-002	3.06952e-001
28.81667	 5.740	 1.622	2.6774	0.9871	0.0602	0.1736	6.0237e-002	6.0237e-002	3.01485e-001
28.83333	 5.714	 1.593	2.6741	0.9881	0.0591	0.1718	5.9156e-002	5.9156e-002	2.95841e-001
28.85000	 5.684	 1.563	2.6707	0.9891	0.0580	0.1699	5.8037e-002	5.8037e-002	2.90022e-001
28.86667	 5.655	 1.529	2.6674	0.9900	0.0567	0.1674	5.6770e-002	5.6770e-002	2.83473e-001
28.88333	 5.622	 1.495	2.6641	0.9910	0.0555	0.1651	5.5541e-002	5.5541e-002	2.77123e-001
28.90000	 5.585	 1.458	2.6607	0.9919	0.0541	0.1622	5.4162e-002	5.4162e-002	2.70046e-001
28.91667	 5.546	 1.417	2.6574	0.9927	0.0526	0.1589	5.2636e-002	5.2636e-002	2.62245e-001
28.93333	 5.502	 1.374	2.6541	0.9936	0.0510	0.1552	5.1035e-002	5.1035e-002	2.54093e-001
28.95000	 5.452	 1.326	2.6507	0.9944	0.0492	0.1509	4.9248e-002	4.9248e-002	2.45037e-001
28.96667	 5.398	 1.272	2.6474	0.9952	0.0472	0.1459	4.7238e-002	4.7238e-002	2.34893e-001
28.98333	 5.341	 1.214	2.6440	0.9959	0.0450	0.1403	4.5080e-002	4.5080e-002	2.24034e-001
29.00000	 5.273	 1.153	2.6407	0.9967	0.0428	0.1343	4.2810e-002	4.2810e-002	2.12646e-001
29.01667	 5.201	 1.081	2.6373	0.9973	0.0401	0.1269	4.0132e-002	4.0132e-002	1.99254e-001
29.03333	 5.125	 1.004	2.6340	0.9980	0.0373	0.1188	3.7305e-002	3.7305e-002	1.85149e-001
29.05000	 5.041	 0.924	2.6306	0.9985	0.0343	0.1102	3.4330e-002	3.4330e-002	1.70332e-001
29.06667	 4.953	 0.836	2.6273	0.9990	0.0310	0.1005	3.1058e-002	3.1058e-002	1.54064e-001
29.08333	 4.858	 0.744	2.6239	0.9995	0.0276	0.0901	2.7637e-002	2.7637e-002	1.37080e-001
29.10000	 4.763	 0.645	2.6205	0.9999	0.0239	0.0787	2.3956e-002	2.3956e-002	1.37080e-001
29.11667	 4.661	 0.546	2.6172	1.0002	0.0203	0.0671	2.0275e-002	2.0275e-002	1.18824e-001
29.13333	 4.558	 0.440	2.6138	1.0005	0.0163	0.0545	1.6334e-002	1.6334e-002	1.00580e-001
29.15000	 4.457	 0.333	2.6104	1.0007	0.0123	0.0415	1.2356e-002	1.2356e-002	6.13394e-002
29.16667	 4.356	 0.228	2.6071	1.0009	0.0084	0.0286	8.4521e-003	8.4521e-003	4.19851e-002
29.18333	 4.260	 0.122	2.6037	1.0009	0.0045	0.0155	4.5484e-003	4.5484e-003	2.26116e-002
29.20000	 4.169	 0.022	2.6003	1.0009	0.0008	0.0029	8.3031e-004	8.3031e-004	4.13192e-003
29.21667	 4.087	-0.073	2.5969	1.0009	-0.0027	-0.0094	-2.7020e-003	-2.7020e-003	-1.34629e-002
29.23333	 4.015	-0.159	2.5936	1.0008	-0.0059	-0.0206	-5.9002e-003	-5.9002e-003	-2.94411e-002
29.25000	 3.952	-0.235	2.5902	1.0007	-0.0087	-0.0307	-8.7269e-003	-8.7269e-003	-4.36224e-002
29.26667	 3.901	-0.302	2.5868	1.0005	-0.0112	-0.0398	-1.1219e-002	-1.1219e-002	-5.61962e-002
29.28333	 3.861	-0.357	2.5834	1.0002	-0.0133	-0.0475	-1.3266e-002	-1.3266e-002	-8.46240e-002
29.30000	 3.835	-0.401	2.5806	1.0000	-0.0149	-0.0537	-1.4904e-002	-1.4904e-002	-1.03883e-001