24.31667	 3.693	-0.023	3.5681	0.0002	0.0099	0.0032	9.9080e-003	9.9080e-003	4.77911e-002
24.33333	 3.722	-0.001	3.5650	0.0003	0.0106	0.0034	1.0654e-002	1.0654e-002	5.12149e-002
24.35000	 3.750	 0.024	3.5614	0.0005	0.0114	0.0037	1.1456e-002	1.1456e-002	5.49157e-002
24.36667	 3.781	 0.047	3.5579	0.0007	0.0123	0.0040	1.2318e-002	1.2318e-002	5.89144e-002
24.38333	 3.813	 0.073	3.5544	0.0010	0.0132	0.0044	1.3245e-002	1.3245e-002	6.32333e-002
24.40000	 3.844	 0.101	3.5508	0.0012	0.0142	0.0047	1.4242e-002	1.4242e-002	6.78967e-002
24.41667	 3.875	 0.127	3.5473	0.0015	0.0153	0.0051	1.5314e-002	1.5314e-002	7.29308e-002
24.43333	 3.905	 0.153	3.5438	0.0017	0.0165	0.0056	1.6467e-002	1.6467e-002	7.83635e-002
24.45000	 3.941	 0.178	3.5403	0.0020	0.0177	0.0060	1.7706e-002	1.7706e-002	8.42251e-002
24.46667	 3.972	 0.210	3.5368	0.0023	0.0190	0.0065	1.9039e-002	1.9039e-002	9.05480e-002
24.48333	 4.009	 0.236	3.5333	0.0027	0.0205	0.0071	2.0472e-002	2.0472e-002	9.73672e-002
24.50000	 4.047	 0.268	3.5297	0.0030	0.0220	0.0077	2.2013e-002	2.2013e-002	1.04720e-001
24.51667	 4.082	 0.302	3.5262	0.0034	0.0226	0.0080	2.2578e-002	2.2578e-002	1.07449e-001
24.53333	 4.119	 0.332	3.5227	0.0038	0.0248	0.0088	2.4845e-002	2.4845e-002	1.18307e-001
24.55000	 4.159	 0.364	3.5193	0.0043	0.0272	0.0098	2.7263e-002	2.7263e-002	1.29906e-001
24.56667	 4.196	 0.400	3.5158	0.0048	0.0299	0.0108	2.9905e-002	2.9905e-002	1.42606e-001
24.58333	 4.236	 0.432	3.5123	0.0053	0.0323	0.0118	3.2323e-002	3.2323e-002	1.54268e-001
24.60000	 4.277	 0.467	3.5088	0.0059	0.0349	0.0128	3.4965e-002	3.4965e-002	1.67034e-001
24.61667	 4.317	 0.504	3.5053	0.0065	0.0377	0.0139	3.7682e-002	3.7682e-002	1.80193e-001
24.63333	 4.359	 0.539	3.5018	0.0072	0.0403	0.0150	4.0324e-002	4.0324e-002	1.93028e-001
24.65000	 4.400	 0.576	3.4984	0.0079	0.0431	0.0162	4.3116e-002	4.3116e-002	2.06615e-001
24.66667	 4.441	 0.612	3.4949	0.0087	0.0458	0.0174	4.5833e-002	4.5833e-002	2.19877e-001
24.68333	 4.484	 0.649	3.4914	0.0095	0.0485	0.0185	4.8550e-002	4.8550e-002	2.33173e-001
24.70000	 4.527	 0.687	3.4880	0.0103	0.0514	0.0198	5.1417e-002	5.1417e-002	2.47221e-001
24.71667	 4.574	 0.725	3.4845	0.0113	0.0542	0.0211	5.4283e-002	5.4283e-002	2.61301e-001
24.73333	 4.618	 0.768	3.4810	0.0122	0.0574	0.0225	5.7449e-002	5.7449e-002	2.76855e-001
24.75000	 4.663	 0.807	3.4776	0.0132	0.0603	0.0238	6.0391e-002	6.0391e-002	2.91359e-001
24.76667	 4.712	 0.847	3.4741	0.0143	0.0634	0.0252	6.3407e-002	6.3407e-002	3.06255e-001
24.78333	 4.758	 0.892	3.4707	0.0154	0.0667	0.0267	6.6723e-002	6.6723e-002	3.22626e-001
24.80000	 4.807	 0.933	3.4672	0.0165	0.0698	0.0282	6.9814e-002	6.9814e-002	3.37941e-001
24.81667	 4.857	 0.977	3.4638	0.0178	0.0731	0.0297	7.3130e-002	7.3130e-002	3.54370e-001
24.83333	 4.905	 1.022	3.4604	0.0190	0.0765	0.0314	7.6520e-002	7.6520e-002	3.54370e-001
24.85000	 4.957	 1.066	3.4569	0.0204	0.0797	0.0330	7.9761e-002	7.9761e-002	3.87310e-001
24.86667	 5.009	 1.113	3.4535	0.0217	0.0832	0.0347	8.3301e-002	8.3301e-002	4.04909e-001
24.88333	 5.064	 1.160	3.4501	0.0232	0.0868	0.0365	8.6842e-002	8.6842e-002	4.22534e-001
24.90000	 5.116	 1.211	3.4466	0.0247	0.0905	0.0383	9.0606e-002	9.0606e-002	4.41277e-001
24.91667	 5.171	 1.258	3.4432	0.0263	0.0941	0.0401	9.4147e-002	9.4147e-002	4.58951e-001
24.93333	 5.226	 1.308	3.4398	0.0279	0.0978	0.0421	9.7911e-002	9.7911e-002	4.77742e-001
24.95000	 5.281	 1.359	3.4364	0.0296	0.1016	0.0440	1.0168e-001	1.0168e-001	4.96557e-001
24.96667	 5.338	 1.409	3.4330	0.0313	0.1054	0.0460	1.0544e-001	1.0544e-001	5.15395e-001
24.98333	 5.395	 1.461	3.4296	0.0332	0.1093	0.0481	1.0936e-001	1.0936e-001	5.34987e-001
25.00000	 5.452	 1.514	3.4262	0.0350	0.1132	0.0502	1.1327e-001	1.1327e-001	5.54601e-001
25.01667	 5.512	 1.566	3.4227	0.0370	0.1171	0.0524	1.1718e-001	1.1718e-001	5.74238e-001
25.03333	 5.573	 1.621	3.4193	0.0390	0.1212	0.0547	1.2132e-001	1.2132e-001	5.94997e-001
25.05000	 5.632	 1.677	3.4159	0.0411	0.1254	0.0570	1.2554e-001	1.2554e-001	6.16147e-001
25.06667	 5.691	 1.732	3.4126	0.0433	0.1295	0.0593	1.2960e-001	1.2960e-001	6.36585e-001
25.08333	 5.754	 1.786	3.4092	0.0455	0.1336	0.0617	1.3367e-001	1.3367e-001	6.57046e-001
25.10000	 5.815	 1.844	3.4058	0.0478	0.1379	0.0642	1.3803e-001	1.3803e-001	6.79001e-001
25.11667	 5.881	 1.901	3.4024	0.0502	0.1421	0.0666	1.4224e-001	1.4224e-001	7.00244e-001
25.13333	 5.944	 1.962	3.3990	0.0526	0.1467	0.0693	1.4683e-001	1.4683e-001	7.23354e-001
25.15000	 6.009	 2.020	3.3956	0.0551	0.1511	0.0719	1.5119e-001	1.5119e-001	7.45384e-001
25.16667	 6.074	 2.081	3.3922	0.0577	0.1556	0.0747	1.5571e-001	1.5571e-001	7.68177e-001
25.18333	 6.139	 2.141	3.3888	0.0604	0.1601	0.0774	1.6022e-001	1.6022e-001	7.90997e-001
25.20000	 6.205	 2.201	3.3855	0.0631	0.1646	0.0802	1.6473e-001	1.6473e-001	8.13843e-001
25.21667	 6.273	 2.262	3.3821	0.0659	0.1692	0.0831	1.6932e-001	1.6932e-001	8.37087e-001
25.23333	 6.339	 2.326	3.3787	0.0688	0.1739	0.0861	1.7406e-001	1.7406e-001	8.61098e-001
25.25000	 6.411	 2.387	3.3754	0.0718	0.1785	0.0891	1.7865e-001	1.7865e-001	8.84399e-001
25.26667	 6.476	 2.454	3.3720	0.0749	0.1835	0.0923	1.8368e-001	1.8368e-001	9.09953e-001
25.28333	 6.546	 2.515	3.3686	0.0780	0.1880	0.0953	1.8820e-001	1.8820e-001	9.32941e-001
25.30000	 6.612	 2.580	3.3653	0.0812	0.1929	0.0985	1.9308e-001	1.9308e-001	9.57816e-001
25.31667	 6.685	 2.641	3.3619	0.0845	0.1975	0.1017	1.9767e-001	1.9767e-001	9.81236e-001
25.33333	 6.755	 2.710	3.3586	0.0879	0.2026	0.1051	2.0278e-001	2.0278e-001	1.00729e+000
25.35000	 6.822	 2.775	3.3552	0.0913	0.2075	0.1085	2.0767e-001	2.0767e-001	1.03226e+000
25.36667	 6.895	 2.837	3.3519	0.0949	0.2122	0.1118	2.1233e-001	2.1233e-001	1.05615e+000
25.38333	 6.963	 2.906	3.3485	0.0985	0.2173	0.1153	2.1745e-001	2.1745e-001	1.08230e+000
25.40000	 7.033	 2.969	3.3452	0.1022	0.2220	0.1188	2.2218e-001	2.2218e-001	1.10662e+000
25.41667	 7.108	 3.034	3.3418	0.1060	0.2269	0.1223	2.2707e-001	2.2707e-001	1.13173e+000
25.43333	 7.181	 3.104	3.3385	0.1098	0.2321	0.1261	2.3233e-001	2.3233e-001	1.15873e+000
25.45000	 7.254	 3.173	3.3351	0.1138	0.2373	0.1299	2.3744e-001	2.3744e-001	1.18502e+000
25.46667	 7.326	 3.241	3.3318	0.1178	0.2424	0.1337	2.4256e-001	2.4256e-001	1.21135e+000
25.48333	 7.398	 3.308	3.3285	0.1219	0.2474	0.1375	2.4759e-001	2.4759e-001	1.23733e+000
25.50000	 7.471	 3.376	3.3251	0.1261	0.2524	0.1414	2.5263e-001	2.5263e-001	1.26335e+000
25.51667	 7.544	 3.444	3.3218	0.1304	0.2575	0.1454	2.5774e-001	2.5774e-001	1.28978e+000
25.53333	 7.616	 3.512	3.3185	0.1348	0.2626	0.1494	2.6285e-001	2.6285e-001	1.31624e+000
25.55000	 7.687	 3.580	3.3152	0.1393	0.2677	0.1534	2.6789e-001	2.6789e-001	1.34236e+000
25.56667	 7.753	 3.646	3.3118	0.1438	0.2726	0.1575	2.7285e-001	2.7285e-001	1.36814e+000
25.58333	 7.823	 3.707	3.3085	0.1484	0.2772	0.1613	2.7744e-001	2.7744e-001	1.39207e+000
25.60000	 7.891	 3.772	3.3052	0.1531	0.2821	0.1654	2.8233e-001	2.8233e-001	1.41753e+000
25.61667	 7.959	 3.836	3.3019	0.1579	0.2868	0.1695	2.8707e-001	2.8707e-001	1.44227e+000
25.63333	 8.026	 3.899	3.2986	0.1628	0.2916	0.1736	2.9180e-001	2.9180e-001	1.46704e+000
25.65000	 8.092	 3.961	3.2953	0.1677	0.2962	0.1778	2.9647e-001	2.9647e-001	1.49146e+000
25.66667	 8.163	 4.023	3.2919	0.1727	0.3008	0.1819	3.0105e-001	3.0105e-001	1.51552e+000
25.68333	 8.231	 4.089	3.2886	0.1778	0.3058	0.1863	3.0602e-001	3.0602e-001	1.54149e+000
25.70000	 8.302	 4.152	3.2853	0.1830	0.3105	0.1906	3.1075e-001	3.1075e-001	1.56636e+000
25.71667	 8.371	 4.219	3.2820	0.1882	0.3155	0.1952	3.1572e-001	3.1572e-001	1.59238e+000
25.73333	 8.438	 4.283	3.2787	0.1936	0.3203	0.1996	3.2053e-001	3.2053e-001	1.61767e+000
25.75000	 8.505	 4.345	3.2754	0.1990	0.3249	0.2041	3.2519e-001	3.2519e-001	1.64223e+000
25.76667	 8.575	 4.407	3.2721	0.2045	0.3296	0.2086	3.2985e-001	3.2985e-001	1.66680e+000
25.78333	 8.641	 4.473	3.2688	0.2100	0.3345	0.2133	3.3474e-001	3.3474e-001	1.69253e+000
25.80000	 8.704	 4.534	3.2655	0.2157	0.3391	0.2179	3.3933e-001	3.3933e-001	1.71676e+000
25.81667	 8.765	 4.592	3.2622	0.2214	0.3434	0.2223	3.4369e-001	3.4369e-001	1.73987e+000
25.83333	 8.821	 4.649	3.2589	0.2272	0.3476	0.2268	3.4791e-001	3.4791e-001	1.76223e+000
25.85000	 8.876	 4.700	3.2557	0.2331	0.3515	0.2310	3.5175e-001	3.5175e-001	1.78271e+000
25.86667	 8.925	 4.750	3.2524	0.2390	0.3552	0.2353	3.5551e-001	3.5551e-001	1.80282e+000
25.88333	 8.973	 4.795	3.2491	0.2449	0.3585	0.2393	3.5883e-001	3.5883e-001	1.82065e+000
25.90000	 9.024	 4.838	3.2458	0.2510	0.3618	0.2433	3.6207e-001	3.6207e-001	1.83811e+000
25.91667	 9.066	 4.884	3.2425	0.2571	0.3652	0.2475	3.6553e-001	3.6553e-001	1.85670e+000
25.93333	 9.111	 4.922	3.2392	0.2632	0.3680	0.2512	3.6833e-001	3.6833e-001	1.87188e+000
25.95000	 9.153	 4.962	3.2359	0.2694	0.3710	0.2552	3.7134e-001	3.7134e-001	1.88820e+000
25.96667	 9.198	 4.999	3.2327	0.2756	0.3738	0.2591	3.7413e-001	3.7413e-001	1.90337e+000
25.98333	 9.242	 5.039	3.2294	0.2819	0.3768	0.2632	3.7715e-001	3.7715e-001	1.91968e+000
26.00000	 9.284	 5.079	3.2261	0.2882	0.3798	0.2672	3.8009e-001	3.8009e-001	1.93560e+000
26.01667	 9.328	 5.116	3.2228	0.2946	0.3826	0.2712	3.8288e-001	3.8288e-001	1.95076e+000
26.03333	 9.371	 5.155	3.2196	0.3010	0.3855	0.2754	3.8582e-001	3.8582e-001	1.96668e+000
26.05000	 9.416	 5.194	3.2163	0.3075	0.3884	0.2795	3.8869e-001	3.8869e-001	1.98220e+000
26.06667	 9.457	 5.234	3.2130	0.3140	0.3914	0.2838	3.9171e-001	3.9171e-001	1.99849e+000
26.08333	 9.495	 5.270	3.2098	0.3205	0.3941	0.2879	3.9442e-001	3.9442e-001	2.01324e+000
26.10000	 9.534	 5.304	3.2065	0.3272	0.3966	0.2919	3.9692e-001	3.9692e-001	2.02684e+000
26.11667	 9.568	 5.338	3.2032	0.3338	0.3992	0.2960	3.9948e-001	3.9948e-001	2.04081e+000
26.13333	 9.600	 5.367	3.2000	0.3405	0.4013	0.2999	4.0168e-001	4.0168e-001	2.05286e+000
26.15000	 9.626	 5.394	3.1967	0.3472	0.4034	0.3037	4.0372e-001	4.0372e-001	2.06414e+000
26.16667	 9.647	 5.416	3.1935	0.3540	0.4050	0.3072	4.0532e-001	4.0532e-001	2.07311e+000
26.18333	 9.665	 5.432	3.1902	0.3607	0.4062	0.3105	4.0654e-001	4.0654e-001	2.08015e+000
26.20000	 9.680	 5.445	3.1869	0.3675	0.4072	0.3136	4.0753e-001	4.0753e-001	2.08602e+000
26.21667	 9.687	 5.456	3.1837	0.3743	0.4080	0.3165	4.0830e-001	4.0830e-001	2.09074e+000
26.23333	 9.696	 5.458	3.1804	0.3811	0.4081	0.3190	4.0847e-001	4.0847e-001	2.09237e+000
26.25000	 9.700	 5.462	3.1772	0.3879	0.4085	0.3217	4.0880e-001	4.0880e-001	2.09475e+000
26.26667	 9.701	 5.462	3.1739	0.3947	0.4084	0.3241	4.0874e-001	4.0874e-001	2.09520e+000
26.28333	 9.706	 5.458	3.1707	0.4015	0.4081	0.3263	4.0847e-001	4.0847e-001	2.09448e+000
26.30000	 9.708	 5.458	3.1674	0.4083	0.4082	0.3287	4.0849e-001	4.0849e-001	2.09528e+000
26.31667	 9.710	 5.456	3.1642	0.4151	0.4080	0.3311	4.0829e-001	4.0829e-001	2.09491e+000
26.33333	 9.715	 5.453	3.1609	0.4219	0.4078	0.3334	4.0809e-001	4.0809e-001	2.09453e+000
26.35000	 9.717	 5.453	3.1577	0.4287	0.4078	0.3359	4.0811e-001	4.0811e-001	2.09529e+000
26.36667	 9.725	 5.450	3.1544	0.4355	0.4076	0.3382	4.0791e-001	4.0791e-001	2.09488e+000
26.38333	 9.732	 5.454	3.1512	0.4423	0.4078	0.3410	4.0816e-001	4.0816e-001	2.09676e+000
26.40000	 9.742	 5.456	3.1479	0.4491	0.4080	0.3437	4.0833e-001	4.0833e-001	2.09825e+000
26.41667	 9.752	 5.461	3.1447	0.4559	0.4084	0.3466	4.0873e-001	4.0873e-001	2.10088e+000
26.43333	 9.762	 5.467	3.1415	0.4627	0.4088	0.3495	4.0912e-001	4.0912e-001	2.10349e+000
26.45000	 9.769	 5.472	3.1382	0.4695	0.4092	0.3525	4.0952e-001	4.0952e-001	2.10610e+000
26.46667	 9.774	 5.474	3.1350	0.4763	0.4094	0.3553	4.0969e-001	4.0969e-001	2.10755e+000
26.48333	 9.779	 5.475	3.1317	0.4831	0.4094	0.3580	4.0971e-001	4.0971e-001	2.10821e+000
26.50000	 9.778	 5.475	3.1285	0.4900	0.4094	0.3607	4.0974e-001	4.0974e-001	2.10887e+000
26.51667	 9.778	 5.469	3.1253	0.4968	0.4090	0.3630	4.0931e-001	4.0931e-001	2.10720e+000
26.53333	 9.775	 5.464	3.1220	0.5036	0.4086	0.3654	4.0896e-001	4.0896e-001	2.10591e+000
26.55000	 9.763	 5.457	3.1188	0.5104	0.4080	0.3676	4.0838e-001	4.0838e-001	2.10345e+000
26.56667	 9.752	 5.440	3.1156	0.5172	0.4068	0.3692	4.0713e-001	4.0713e-001	2.09752e+000
26.58333	 9.728	 5.424	3.1123	0.5239	0.4056	0.3709	4.0596e-001	4.0596e-001	2.09196e+000
26.60000	 9.704	 5.396	3.1091	0.5306	0.4035	0.3717	4.0381e-001	4.0381e-001	2.08137e+000
26.61667	 9.677	 5.367	3.1059	0.5373	0.4013	0.3725	4.0166e-001	4.0166e-001	2.07077e+000
26.63333	 9.645	 5.335	3.1026	0.5440	0.3990	0.3730	3.9929e-001	3.9929e-001	2.05900e+000
26.65000	 9.610	 5.299	3.0994	0.5506	0.3962	0.3732	3.9655e-001	3.9655e-001	2.04529e+000
26.66667	 9.574	 5.259	3.0962	0.5571	0.3933	0.3732	3.9358e-001	3.9358e-001	2.03040e+000
26.68333	 9.537	 5.218	3.0929	0.5636	0.3902	0.3731	3.9053e-001	3.9053e-001	2.01512e+000
26.70000	 9.499	 5.177	3.0897	0.5701	0.3871	0.3729	3.8741e-001	3.8741e-001	1.99943e+000
26.71667	 9.464	 5.134	3.0865	0.5765	0.3839	0.3726	3.8421e-001	3.8421e-001	1.98335e+000
26.73333	 9.430	 5.094	3.0833	0.5828	0.3809	0.3724	3.8124e-001	3.8124e-001	1.96841e+000
26.75000	 9.400	 5.055	3.0800	0.5891	0.3780	0.3724	3.7835e-001	3.7835e-001	1.95384e+000
26.76667	 9.368	 5.021	3.0768	0.5954	0.3754	0.3726	3.7575e-001	3.7575e-001	1.94081e+000
26.78333	 9.340	 4.984	3.0736	0.6016	0.3727	0.3726	3.7300e-001	3.7300e-001	1.92699e+000
26.80000	 9.314	 4.951	3.0704	0.6077	0.3703	0.3729	3.7056e-001	3.7056e-001	1.91470e+000
26.81667	 9.292	 4.921	3.0671	0.6139	0.3680	0.3734	3.6826e-001	3.6826e-001	1.89319e+000
26.83333	 9.272	 4.894	3.0639	0.6200	0.3660	0.3741	3.6626e-001	3.6626e-001	1.89319e+000
26.85000	 9.254	 4.869	3.0607	0.6260	0.3641	0.3750	3.6441e-001	3.6441e-001	1.88396e+000
26.86667	 9.234	 4.847	3.0575	0.6321	0.3624	0.3760	3.6272e-001	3.6272e-001	1.87549e+000
26.88333	 9.219	 4.822	3.0542	0.6381	0.3606	0.3769	3.6087e-001	3.6087e-001	1.86623e+000
26.90000	 9.200	 4.802	3.0510	0.6440	0.3591	0.3781	3.5939e-001	3.5939e-001	1.85890e+000
26.91667	 9.181	 4.778	3.0478	0.6500	0.3573	0.3791	3.5762e-001	3.5762e-001	1.85001e+000
26.93333	 9.158	 4.755	3.0446	0.6559	0.3556	0.3800	3.5585e-001	3.5585e-001	1.84110e+000
26.95000	 9.136	 4.727	3.0414	0.6618	0.3535	0.3806	3.5377e-001	3.5377e-001	1.83063e+000
26.96667	 9.109	 4.700	3.0381	0.6677	0.3515	0.3813	3.5178e-001	3.5178e-001	1.82053e+000
26.98333	 9.079	 4.669	3.0349	0.6735	0.3491	0.3815	3.4940e-001	3.4940e-001	1.80848e+000
27.00000	 9.048	 4.634	3.0317	0.6793	0.3465	0.3815	3.4681e-001	3.4681e-001	1.79526e+000
27.01667	 9.011	 4.598	3.0285	0.6850	0.3439	0.3814	3.4414e-001	3.4414e-001	1.78163e+000
27.03333	 8.972	 4.557	3.0253	0.6907	0.3407	0.3807	3.4101e-001	3.4101e-001	1.76565e+000
27.05000	 8.927	 4.513	3.0220	0.6963	0.3375	0.3799	3.3774e-001	3.3774e-001	1.74889e+000
27.06667	 8.884	 4.463	3.0188	0.7018	0.3338	0.3785	3.3403e-001	3.3403e-001	1.72979e+000
27.08333	 8.838	 4.416	3.0156	0.7073	0.3302	0.3772	3.3046e-001	3.3046e-001	1.71144e+000
27.10000	 8.784	 4.365	3.0124	0.7128	0.3264	0.3757	3.2666e-001	3.2666e-001	1.69191e+000
27.11667	 8.733	 4.306	3.0092	0.7181	0.3220	0.3734	3.2227e-001	3.2227e-001	1.66926e+000
27.13333	 8.677	 4.250	3.0059	0.7234	0.3178	0.3713	3.1810e-001	3.1810e-001	1.64776e+000
27.15000	 8.621	 4.190	3.0027	0.7287	0.3133	0.3687	3.1356e-001	3.1356e-001	1.62431e+000
27.16667	 8.562	 4.129	2.9995	0.7338	0.3088	0.3661	3.0902e-001	3.0902e-001	1.60083e+000
27.18333	 8.506	 4.065	2.9963	0.7389	0.3040	0.3631	3.0425e-001	3.0425e-001	1.57618e+000
27.20000	 8.449	 4.005	2.9931	0.7439	0.2995	0.3604	2.9971e-001	2.9971e-001	1.55267e+000
27.21667	 8.394	 3.943	2.9898	0.7488	0.2948	0.3574	2.9509e-001	2.9509e-001	1.52876e+000
27.23333	 8.341	 3.883	2.9866	0.7536	0.2904	0.3546	2.9062e-001	2.9062e-001	1.50561e+000
27.25000	 8.289	 3.826	2.9834	0.7584	0.2861	0.3520	2.8630e-001	2.8630e-001	1.48322e+000
27.26667	 8.240	 3.769	2.9802	0.7631	0.2818	0.3493	2.8206e-001	2.8206e-001	1.46120e+000
27.28333	 8.194	 3.715	2.9770	0.7677	0.2778	0.3469	2.7804e-001	2.7804e-001	1.44034e+000
27.30000	 8.151	 3.664	2.9738	0.7723	0.2740	0.3447	2.7425e-001	2.7425e-001	1.42062e+000
27.31667	 8.111	 3.617	2.9705	0.7768	0.2705	0.3428	2.7068e-001	2.7068e-001	1.40205e+000
27.33333	 8.075	 3.572	2.9673	0.7812	0.2671	0.3411	2.6733e-001	2.6733e-001	1.38464e+000
27.35000	 8.043	 3.531	2.9641	0.7856	0.2641	0.3397	2.6429e-001	2.6429e-001	1.36876e+000
27.36667	 8.014	 3.495	2.9609	0.7900	0.2613	0.3387	2.6154e-001	2.6154e-001	1.35442e+000
27.38333	 7.984	 3.461	2.9577	0.7943	0.2588	0.3379	2.5902e-001	2.5902e-001	1.34123e+000
27.40000	 7.956	 3.426	2.9544	0.7985	0.2562	0.3370	2.5642e-001	2.5642e-001	1.32765e+000
27.41667	 7.930	 3.394	2.9512	0.8028	0.2538	0.3363	2.5398e-001	2.5398e-001	1.31483e+000
27.43333	 7.904	 3.363	2.9480	0.8070	0.2515	0.3357	2.5168e-001	2.5168e-001	1.30277e+000
27.45000	 7.876	 3.332	2.9448	0.8111	0.2492	0.3351	2.4938e-001	2.4938e-001	1.29071e+000
27.46667	 7.851	 3.300	2.9416	0.8152	0.2467	0.3343	2.4694e-001	2.4694e-001	1.27786e+000
27.48333	 7.821	 3.270	2.9383	0.8193	0.2445	0.3337	2.4471e-001	2.4471e-001	1.26617e+000
27.50000	 7.793	 3.235	2.9351	0.8233	0.2419	0.3327	2.4212e-001	2.4212e-001	1.25253e+000
27.51667	 7.764	 3.202	2.9319	0.8273	0.2395	0.3318	2.3967e-001	2.3967e-001	1.23967e+000
27.53333	 7.731	 3.169	2.9287	0.8313	0.2370	0.3307	2.3715e-001	2.3715e-001	1.22641e+000
27.55000	 7.700	 3.131	2.9254	0.8352	0.2341	0.3292	2.3433e-001	2.3433e-001	1.21159e+000
27.56667	 7.663	 3.095	2.9222	0.8390	0.2315	0.3279	2.3165e-001	2.3165e-001	1.19755e+000
27.58333	 7.630	 3.054	2.9190	0.8428	0.2283	0.3259	2.2853e-001	2.2853e-001	1.18119e+000
27.60000	 7.593	 3.016	2.9158	0.8466	0.2255	0.3242	2.2571e-001	2.2571e-001	1.16637e+000
27.61667	 7.555	 2.974	2.9126	0.8503	0.2224	0.3221	2.2259e-001	2.2259e-001	1.15000e+000
27.63333	 7.517	 2.932	2.9093	0.8539	0.2192	0.3199	2.1940e-001	2.1940e-001	1.13324e+000
27.65000	 7.476	 2.889	2.9061	0.8575	0.2160	0.3176	2.1620e-001	2.1620e-001	1.11649e+000
27.66667	 7.436	 2.843	2.9029	0.8611	0.2126	0.3149	2.1278e-001	2.1278e-001	1.09858e+000
27.68333	 7.391	 2.798	2.8996	0.8646	0.2093	0.3123	2.0944e-001	2.0944e-001	1.08106e+000
27.70000	 7.345	 2.749	2.8964	0.8680	0.2055	0.3090	2.0572e-001	2.0572e-001	1.06161e+000
27.71667	 7.303	 2.698	2.8932	0.8713	0.2018	0.3056	2.0192e-001	2.0192e-001	1.04179e+000
27.73333	 7.261	 2.651	2.8900	0.8747	0.1983	0.3025	1.9843e-001	1.9843e-001	1.02351e+000
27.75000	 7.212	 2.605	2.8867	0.8779	0.1948	0.2994	1.9493e-001	1.9493e-001	1.00524e+000
27.76667	 7.165	 2.551	2.8835	0.8811	0.1908	0.2954	1.9092e-001	1.9092e-001	9.84269e-001
27.78333	 7.120	 2.499	2.8803	0.8842	0.1869	0.2916	1.8705e-001	1.8705e-001	9.64082e-001
27.80000	 7.075	 2.450	2.8770	0.8872	0.1832	0.2879	1.8333e-001	1.8333e-001	9.25275e-001
27.81667	 7.031	 2.400	2.8738	0.8902	0.1795	0.2842	1.7961e-001	1.7961e-001	9.25275e-001
27.83333	 6.984	 2.351	2.8706	0.8932	0.1758	0.2805	1.7596e-001	1.7596e-001	9.06269e-001
27.85000	 6.938	 2.300	2.8673	0.8960	0.1720	0.2764	1.7210e-001	1.7210e-001	8.86115e-001
27.86667	 6.896	 2.249	2.8641	0.8988	0.1682	0.2723	1.6830e-001	1.6830e-001	8.66357e-001
27.88333	 6.852	 2.202	2.8609	0.9016	0.1647	0.2687	1.6481e-001	1.6481e-001	8.48147e-001
27.90000	 6.811	 2.153	2.8576	0.9042	0.1610	0.2647	1.6116e-001	1.6116e-001	8.29177e-001
27.91667	 6.772	 2.108	2.8544	0.9069	0.1576	0.2610	1.5774e-001	1.5774e-001	8.11370e-001
27.93333	 6.732	 2.064	2.8511	0.9094	0.1543	0.2575	1.5447e-001	1.5447e-001	7.94341e-001
27.95000	 6.700	 2.019	2.8479	0.9120	0.1510	0.2538	1.5113e-001	1.5113e-001	7.76935e-001
27.96667	 6.664	 1.983	2.8447	0.9144	0.1483	0.2511	1.4838e-001	1.4838e-001	7.62615e-001
27.98333	 6.634	 1.942	2.8414	0.9168	0.1452	0.2478	1.4534e-001	1.4534e-001	7.46762e-001
28.00000	 6.608	 1.907	2.8382	0.9192	0.1426	0.2452	1.4274e-001	1.4274e-001	7.33223e-001
28.01667	 6.581	 1.877	2.8349	0.9216	0.1403	0.2430	1.4044e-001	1.4044e-001	7.21227e-001
28.03333	 6.557	 1.845	2.8317	0.9239	0.1380	0.2407	1.3807e-001	1.3807e-001	7.08851e-001
28.05000	 6.537	 1.816	2.8284	0.9261	0.1358	0.2387	1.3592e-001	1.3592e-001	6.97632e-001
28.06667	 6.517	 1.791	2.8252	0.9284	0.1340	0.2373	1.3407e-001	1.3407e-001	6.87952e-001
28.08333	 6.500	 1.767	2.8219	0.9306	0.1321	0.2358	1.3223e-001	1.3223e-001	6.78275e-001
28.10000	 6.482	 1.745	2.8187	0.9327	0.1305	0.2346	1.3060e-001	1.3060e-001	6.69750e-001
28.11667	 6.468	 1.722	2.8154	0.9349	0.1288	0.2333	1.2890e-001	1.2890e-001	6.60843e-001
28.13333	 6.454	 1.704	2.8122	0.9370	0.1274	0.2325	1.2750e-001	1.2750e-001	6.53471e-001
28.15000	 6.439	 1.685	2.8089	0.9391	0.1260	0.2317	1.2611e-001	1.2611e-001	6.46098e-001
28.16667	 6.427	 1.665	2.8057	0.9412	0.1245	0.2307	1.2463e-001	1.2463e-001	6.38340e-001
28.18333	 6.409	 1.649	2.8024	0.9432	0.1233	0.2301	1.2338e-001	1.2338e-001	6.31731e-001
28.20000	 6.394	 1.626	2.7992	0.9452	0.1216	0.2286	1.2168e-001	1.2168e-001	6.22821e-001
28.21667	 6.381	 1.606	2.7959	0.9473	0.1201	0.2276	1.2021e-001	1.2021e-001	6.15058e-001
28.23333	 6.362	 1.589	2.7927	0.9492	0.1188	0.2268	1.1888e-001	1.1888e-001	6.08059e-001
28.25000	 6.342	 1.565	2.7894	0.9512	0.1170	0.2251	1.1711e-001	1.1711e-001	5.98759e-001
28.26667	 6.324	 1.540	2.7861	0.9531	0.1152	0.2232	1.1526e-001	1.1526e-001	5.89076e-001
28.28333	 6.302	 1.517	2.7829	0.9550	0.1135	0.2215	1.1356e-001	1.1356e-001	5.80155e-001
28.30000	 6.283	 1.491	2.7796	0.9568	0.1115	0.2193	1.1157e-001	1.1157e-001	5.69703e-001
28.31667	 6.257	 1.467	2.7763	0.9587	0.1097	0.2174	1.0979e-001	1.0979e-001	5.60396e-001
28.33333	 6.232	 1.436	2.7731	0.9605	0.1074	0.2145	1.0750e-001	1.0750e-001	5.48413e-001
28.35000	 6.209	 1.407	2.7698	0.9622	0.1052	0.2117	1.0527e-001	1.0527e-001	5.36813e-001
28.36667	 6.181	 1.379	2.7665	0.9639	0.1031	0.2091	1.0320e-001	1.0320e-001	5.25976e-001
28.38333	 6.157	 1.346	2.7633	0.9656	0.1007	0.2056	1.0075e-001	1.0075e-001	5.13233e-001
28.40000	 6.128	 1.318	2.7600	0.9672	0.0985	0.2028	9.8606e-002	9.8606e-002	5.02017e-001
28.41667	 6.100	 1.284	2.7567	0.9688	0.0960	0.1991	9.6085e-002	9.6085e-002	4.88898e-001
28.43333	 6.073	 1.251	2.7534	0.9704	0.0936	0.1955	9.3638e-002	9.3638e-002	4.76165e-001
28.45000	 6.040	 1.219	2.7501	0.9719	0.0912	0.1920	9.1266e-002	9.1266e-002	4.63818e-001
28.46667	 6.015	 1.182	2.7469	0.9734	0.0884	0.1875	8.8444e-002	8.8444e-002	4.49196e-001
28.48333	 5.986	 1.152	2.7436	0.9748	0.0862	0.1841	8.6222e-002	8.6222e-002	4.37623e-001
28.50000	 5.957	 1.118	2.7403	0.9762	0.0836	0.1801	8.3700e-002	8.3700e-002	4.24540e-001
28.51667	 5.930	 1.085	2.7370	0.9776	0.0811	0.1760	8.1178e-002	8.1178e-002	4.11468e-001
28.53333	 5.902	 1.053	2.7337	0.9789	0.0787	0.1722	7.8806e-002	7.8806e-002	3.99167e-001
28.55000	 5.877	 1.020	2.7304	0.9802	0.0763	0.1681	7.6359e-002	7.6359e-002	3.86501e-001
28.56667	 5.851	 0.991	2.7271	0.9814	0.0741	0.1644	7.4137e-002	7.4137e-002	3.74986e-001
28.58333	 5.827	 0.960	2.7239	0.9826	0.0718	0.1605	7.1840e-002	7.1840e-002	3.63110e-001
28.60000	 5.805	 0.931	2.7206	0.9838	0.0696	0.1569	6.9692e-002	6.9692e-002	3.52009e-001
28.61667	 5.777	 0.905	2.7173	0.9849	0.0676	0.1536	6.7694e-002	6.7694e-002	3.41682e-001
28.63333	 5.757	 0.872	2.7140	0.9860	0.0652	0.1492	6.5247e-002	6.5247e-002	3.29111e-001
28.65000	 5.734	 0.847	2.7107	0.9870	0.0633	0.1461	6.3399e-002	6.3399e-002	3.19585e-001
28.66667	 5.712	 0.819	2.7074	0.9880	0.0613	0.1424	6.1326e-002	6.1326e-002	3.08951e-001
28.68333	 5.689	 0.793	2.7041	0.9890	0.0593	0.1388	5.9329e-002	5.9329e-002	2.98721e-001
28.70000	 5.668	 0.765	2.7008	0.9900	0.0572	0.1349	5.7256e-002	5.7256e-002	2.88143e-001
28.71667	 5.649	 0.739	2.6974	0.9909	0.0553	0.1314	5.5333e-002	5.5333e-002	2.78350e-001
28.73333	 5.628	 0.716	2.6941	0.9918	0.0535	0.1282	5.3559e-002	5.3559e-002	2.69342e-001
28.75000	 5.607	 0.690	2.6908	0.9927	0.0516	0.1245	5.1636e-002	5.1636e-002	2.59616e-001
28.76667	 5.588	 0.664	2.6875	0.9935	0.0497	0.1208	4.9713e-002	4.9713e-002	2.49925e-001
28.78333	 5.569	 0.641	2.6842	0.9943	0.0479	0.1174	4.7940e-002	4.7940e-002	2.41025e-001
28.80000	 5.548	 0.617	2.6809	0.9950	0.0461	0.1139	4.6167e-002	4.6167e-002	2.32163e-001
28.81667	 5.529	 0.591	2.6776	0.9958	0.0442	0.1100	4.4243e-002	4.4243e-002	2.22590e-001
28.83333	 5.507	 0.567	2.6742	0.9965	0.0424	0.1064	4.2470e-002	4.2470e-002	2.13809e-001
28.85000	 5.484	 0.541	2.6709	0.9972	0.0404	0.1022	4.0472e-002	4.0472e-002	2.03939e-001
28.86667	 5.464	 0.513	2.6676	0.9978	0.0384	0.0977	3.8400e-002	3.8400e-002	1.93730e-001
28.88333	 5.435	 0.488	2.6642	0.9984	0.0365	0.0937	3.6551e-002	3.6551e-002	1.84691e-001
28.90000	 5.412	 0.455	2.6609	0.9990	0.0340	0.0879	3.4030e-002	3.4030e-002	1.72280e-001
28.91667	 5.384	 0.427	2.6576	0.9995	0.0319	0.0832	3.1957e-002	3.1957e-002	1.64622e-001
28.93333	 5.360	 0.394	2.6545	1.0000	0.0295	0.0774	2.9510e-002	2.9510e-002	1.55042e-001