21.90000	 2.565	 0.009	4.1350	0.0001	0.0030	0.0003	2.9725e-003	2.9725e-003	1.16895e-002
21.91667	 2.577	 0.022	4.1306	0.0001	0.0031	0.0004	3.1452e-003	3.1452e-003	1.23606e-002
21.93333	 2.593	 0.039	4.1263	0.0002	0.0033	0.0004	3.3278e-003	3.3278e-003	1.30724e-002
21.95000	 2.610	 0.056	4.1220	0.0003	0.0035	0.0004	3.5211e-003	3.5211e-003	1.30724e-002
21.96667	 2.630	 0.077	4.1177	0.0003	0.0037	0.0004	3.7256e-003	3.7256e-003	1.46283e-002
21.98333	 2.646	 0.094	4.1134	0.0004	0.0039	0.0005	3.9419e-003	3.9419e-003	1.54777e-002
22.00000	 2.665	 0.113	4.1091	0.0005	0.0042	0.0005	4.1708e-003	4.1708e-003	1.63786e-002
22.01667	 2.683	 0.132	4.1048	0.0005	0.0044	0.0005	4.4130e-003	4.4130e-003	1.73341e-002
22.03333	 2.702	 0.152	4.1006	0.0006	0.0047	0.0006	4.6693e-003	4.6693e-003	1.83475e-002
22.05000	 2.721	 0.171	4.0963	0.0007	0.0049	0.0006	4.9405e-003	4.9405e-003	1.94222e-002
22.06667	 2.741	 0.192	4.0920	0.0008	0.0052	0.0006	5.2274e-003	5.2274e-003	2.05619e-002
22.08333	 2.762	 0.214	4.0878	0.0009	0.0055	0.0007	5.5310e-003	5.5310e-003	2.17705e-002
22.10000	 2.783	 0.236	4.0835	0.0010	0.0058	0.0007	5.8522e-003	5.8522e-003	2.30521e-002
22.11667	 2.808	 0.261	4.0793	0.0011	0.0062	0.0008	6.1920e-003	6.1920e-003	2.44112e-002
22.13333	 2.830	 0.284	4.0751	0.0012	0.0065	0.0008	6.5516e-003	6.5516e-003	2.58524e-002
22.15000	 2.854	 0.309	4.0708	0.0013	0.0065	0.0008	6.4977e-003	6.4977e-003	2.56646e-002
22.16667	 2.878	 0.333	4.0666	0.0014	0.0070	0.0009	7.0177e-003	7.0177e-003	2.77476e-002
22.18333	 2.904	 0.360	4.0624	0.0015	0.0076	0.0010	7.5799e-003	7.5799e-003	3.00033e-002
22.20000	 2.931	 0.388	4.0582	0.0017	0.0082	0.0011	8.1631e-003	8.1631e-003	3.23491e-002
22.21667	 2.956	 0.414	4.0540	0.0018	0.0087	0.0012	8.7042e-003	8.7042e-003	3.45350e-002
22.23333	 2.986	 0.444	4.0498	0.0020	0.0093	0.0013	9.3505e-003	9.3505e-003	3.71459e-002
22.25000	 3.014	 0.473	4.0456	0.0021	0.0100	0.0014	9.9548e-003	9.9548e-003	3.95974e-002
22.26667	 3.043	 0.503	4.0414	0.0023	0.0106	0.0015	1.0580e-002	1.0580e-002	4.21407e-002
22.28333	 3.073	 0.533	4.0373	0.0025	0.0112	0.0016	1.1226e-002	1.1226e-002	4.47761e-002
22.30000	 3.106	 0.567	4.0331	0.0027	0.0119	0.0017	1.1936e-002	1.1936e-002	4.76724e-002
22.31667	 3.138	 0.600	4.0289	0.0029	0.0126	0.0018	1.2624e-002	1.2624e-002	5.04938e-002
22.33333	 3.171	 0.634	4.0248	0.0031	0.0133	0.0019	1.3334e-002	1.3334e-002	5.34089e-002
22.35000	 3.201	 0.664	4.0206	0.0034	0.0140	0.0020	1.3980e-002	1.3980e-002	5.60803e-002
22.36667	 3.234	 0.698	4.0165	0.0036	0.0147	0.0021	1.4690e-002	1.4690e-002	5.90142e-002
22.38333	 3.271	 0.736	4.0123	0.0039	0.0155	0.0023	1.5483e-002	1.5483e-002	6.22966e-002
22.40000	 3.307	 0.772	4.0082	0.0041	0.0162	0.0024	1.6256e-002	1.6256e-002	6.55050e-002
22.41667	 3.345	 0.811	4.0041	0.0044	0.0171	0.0026	1.7071e-002	1.7071e-002	6.88938e-002
22.43333	 3.382	 0.849	4.0000	0.0047	0.0179	0.0027	1.7864e-002	1.7864e-002	7.22086e-002
22.45000	 3.420	 0.887	3.9959	0.0050	0.0187	0.0028	1.8679e-002	1.8679e-002	7.56193e-002
22.46667	 3.460	 0.928	3.9918	0.0054	0.0195	0.0030	1.9536e-002	1.9536e-002	7.92119e-002
22.48333	 3.501	 0.970	3.9877	0.0057	0.0204	0.0032	2.0414e-002	2.0414e-002	8.29014e-002
22.50000	 3.544	 1.014	3.9836	0.0061	0.0213	0.0033	2.1334e-002	2.1334e-002	8.67739e-002
22.51667	 3.585	 1.055	3.9795	0.0064	0.0222	0.0035	2.2211e-002	2.2211e-002	9.04873e-002
22.53333	 3.629	 1.100	3.9754	0.0068	0.0231	0.0037	2.3152e-002	2.3152e-002	9.44700e-002
22.55000	 3.672	 1.144	3.9713	0.0072	0.0241	0.0039	2.4072e-002	2.4072e-002	9.83791e-002
22.56667	 3.719	 1.191	3.9673	0.0076	0.0251	0.0041	2.5076e-002	2.5076e-002	1.02645e-001
22.58333	 3.764	 1.237	3.9632	0.0081	0.0260	0.0043	2.6039e-002	2.6039e-002	1.06751e-001
22.60000	 3.813	 1.287	3.9591	0.0085	0.0271	0.0045	2.7085e-002	2.7085e-002	1.11216e-001
22.61667	 3.863	 1.338	3.9551	0.0090	0.0281	0.0047	2.8152e-002	2.8152e-002	1.15780e-001
22.63333	 3.911	 1.386	3.9510	0.0095	0.0292	0.0049	2.9177e-002	2.9177e-002	1.20185e-001
22.65000	 3.960	 1.436	3.9470	0.0100	0.0302	0.0052	3.0223e-002	3.0223e-002	1.24690e-001
22.66667	 4.010	 1.487	3.9430	0.0105	0.0313	0.0054	3.1291e-002	3.1291e-002	1.29295e-001
22.68333	 4.063	 1.540	3.9390	0.0110	0.0324	0.0056	3.2421e-002	3.2421e-002	1.34174e-001
22.70000	 4.115	 1.593	3.9349	0.0116	0.0335	0.0059	3.3530e-002	3.3530e-002	1.38981e-001
22.71667	 4.169	 1.648	3.9309	0.0122	0.0347	0.0061	3.4682e-002	3.4682e-002	1.43976e-001
22.73333	 4.225	 1.705	3.9269	0.0128	0.0359	0.0064	3.5875e-002	3.5875e-002	1.49159e-001
22.75000	 4.282	 1.762	3.9229	0.0134	0.0371	0.0067	3.7090e-002	3.7090e-002	1.54446e-001
22.76667	 4.340	 1.821	3.9189	0.0140	0.0383	0.0070	3.8326e-002	3.8326e-002	1.59834e-001
22.78333	 4.398	 1.880	3.9149	0.0147	0.0395	0.0073	3.9561e-002	3.9561e-002	1.65238e-001
22.80000	 4.454	 1.936	3.9109	0.0154	0.0407	0.0076	4.0755e-002	4.0755e-002	1.70480e-001
22.81667	 4.515	 1.998	3.9070	0.0161	0.0420	0.0079	4.2054e-002	4.2054e-002	1.76177e-001
22.83333	 4.574	 2.058	3.9030	0.0168	0.0433	0.0082	4.3310e-002	4.3310e-002	1.81712e-001
22.85000	 4.634	 2.119	3.8990	0.0175	0.0446	0.0085	4.4588e-002	4.4588e-002	1.87351e-001
22.86667	 4.696	 2.181	3.8950	0.0183	0.0459	0.0088	4.5908e-002	4.5908e-002	1.93182e-001
22.88333	 4.760	 2.246	3.8911	0.0191	0.0472	0.0092	4.7270e-002	4.7270e-002	1.99205e-001
22.90000	 4.826	 2.313	3.8871	0.0199	0.0487	0.0095	4.8674e-002	4.8674e-002	2.05422e-001
22.91667	 4.891	 2.378	3.8832	0.0207	0.0500	0.0099	5.0057e-002	5.0057e-002	2.11566e-001
22.93333	 4.958	 2.446	3.8793	0.0216	0.0515	0.0103	5.1482e-002	5.1482e-002	2.17904e-001
22.95000	 5.026	 2.515	3.8753	0.0225	0.0529	0.0107	5.2928e-002	5.2928e-002	2.24347e-001
22.96667	 5.094	 2.583	3.8714	0.0234	0.0544	0.0110	5.4374e-002	5.4374e-002	2.30806e-001
22.98333	 5.164	 2.654	3.8675	0.0243	0.0558	0.0114	5.5863e-002	5.5863e-002	2.37461e-001
23.00000	 5.235	 2.726	3.8636	0.0253	0.0573	0.0119	5.7372e-002	5.7372e-002	2.44221e-001
23.01667	 5.307	 2.799	3.8596	0.0262	0.0589	0.0123	5.8902e-002	5.8902e-002	2.51089e-001
23.03333	 5.379	 2.871	3.8557	0.0272	0.0604	0.0127	6.0432e-002	6.0432e-002	2.57973e-001
23.05000	 5.449	 2.942	3.8518	0.0283	0.0619	0.0132	6.1921e-002	6.1921e-002	2.64694e-001
23.06667	 5.522	 3.016	3.8479	0.0293	0.0634	0.0136	6.3472e-002	6.3472e-002	2.71702e-001
23.08333	 5.597	 3.091	3.8440	0.0304	0.0650	0.0141	6.5065e-002	6.5065e-002	2.78908e-001
23.10000	 5.672	 3.167	3.8402	0.0315	0.0666	0.0145	6.6659e-002	6.6659e-002	2.86131e-001
23.11667	 5.748	 3.244	3.8363	0.0327	0.0682	0.0150	6.8273e-002	6.8273e-002	2.93462e-001
23.13333	 5.823	 3.320	3.8324	0.0338	0.0698	0.0155	6.9867e-002	6.9867e-002	3.00719e-001
23.15000	 5.900	 3.397	3.8285	0.0350	0.0715	0.0160	7.1502e-002	7.1502e-002	3.08176e-001
23.16667	 5.977	 3.475	3.8247	0.0362	0.0731	0.0165	7.3138e-002	7.3138e-002	3.15651e-001
23.18333	 6.058	 3.557	3.8208	0.0375	0.0748	0.0171	7.4858e-002	7.4858e-002	3.23507e-001
23.20000	 6.138	 3.637	3.8170	0.0388	0.0765	0.0176	7.6556e-002	7.6556e-002	3.31291e-001
23.21667	 6.215	 3.715	3.8131	0.0401	0.0782	0.0182	7.8192e-002	7.8192e-002	3.38819e-001
23.23333	 6.295	 3.796	3.8093	0.0414	0.0799	0.0187	7.9891e-002	7.9891e-002	3.46639e-001
23.25000	 6.375	 3.877	3.8054	0.0427	0.0816	0.0193	8.1589e-002	8.1589e-002	3.54478e-001
23.26667	 6.456	 3.958	3.8016	0.0441	0.0833	0.0199	8.3309e-002	8.3309e-002	3.62427e-001
23.28333	 6.538	 4.041	3.7978	0.0456	0.0850	0.0205	8.5050e-002	8.5050e-002	3.70486e-001
23.30000	 6.621	 4.125	3.7940	0.0470	0.0868	0.0211	8.6812e-002	8.6812e-002	3.78655e-001
23.31667	 6.704	 4.208	3.7901	0.0485	0.0885	0.0217	8.8573e-002	8.8573e-002	3.86844e-001
23.33333	 6.785	 4.290	3.7863	0.0500	0.0903	0.0223	9.0293e-002	9.0293e-002	3.94867e-001
23.35000	 6.869	 4.375	3.7825	0.0515	0.0920	0.0229	9.2076e-002	9.2076e-002	4.03186e-001
23.36667	 6.952	 4.458	3.7787	0.0531	0.0938	0.0236	9.3838e-002	9.3838e-002	4.11431e-001
23.38333	 7.037	 4.544	3.7749	0.0547	0.0956	0.0243	9.5642e-002	9.5642e-002	4.19880e-001
23.40000	 7.121	 4.629	3.7711	0.0563	0.0974	0.0249	9.7425e-002	9.7425e-002	4.28257e-001
23.41667	 7.205	 4.714	3.7673	0.0579	0.0992	0.0256	9.9207e-002	9.9207e-002	4.36652e-001
23.43333	 7.293	 4.802	3.7636	0.0596	0.1010	0.0263	1.0107e-001	1.0107e-001	4.45438e-001
23.45000	 7.379	 4.889	3.7598	0.0613	0.1029	0.0270	1.0290e-001	1.0290e-001	4.54058e-001
23.46667	 7.464	 4.975	3.7560	0.0631	0.1047	0.0277	1.0470e-001	1.0470e-001	4.62605e-001
23.48333	 7.551	 5.062	3.7522	0.0649	0.1065	0.0285	1.0655e-001	1.0655e-001	4.71358e-001
23.50000	 7.638	 5.150	3.7485	0.0667	0.1083	0.0292	1.0840e-001	1.0840e-001	4.80130e-001
23.51667	 7.724	 5.237	3.7447	0.0685	0.1102	0.0300	1.1022e-001	1.1022e-001	4.88829e-001
23.53333	 7.811	 5.325	3.7410	0.0704	0.1120	0.0307	1.1207e-001	1.1207e-001	4.97642e-001
23.55000	 7.897	 5.411	3.7372	0.0723	0.1138	0.0315	1.1389e-001	1.1389e-001	5.06380e-001
23.56667	 7.982	 5.497	3.7335	0.0742	0.1156	0.0323	1.1570e-001	1.1570e-001	5.15045e-001
23.58333	 8.068	 5.584	3.7297	0.0762	0.1175	0.0331	1.1752e-001	1.1752e-001	5.23822e-001
23.60000	 8.148	 5.664	3.7260	0.0781	0.1192	0.0338	1.1922e-001	1.1922e-001	5.32056e-001
23.61667	 8.236	 5.753	3.7223	0.0802	0.1210	0.0347	1.2109e-001	1.2109e-001	5.41060e-001
23.63333	 8.324	 5.842	3.7186	0.0822	0.1229	0.0355	1.2295e-001	1.2295e-001	5.50085e-001
23.65000	 8.411	 5.930	3.7148	0.0843	0.1247	0.0363	1.2480e-001	1.2480e-001	5.59035e-001
23.66667	 8.500	 6.019	3.7111	0.0864	0.1266	0.0372	1.2669e-001	1.2669e-001	5.68193e-001
23.68333	 8.589	 6.109	3.7074	0.0885	0.1285	0.0381	1.2858e-001	1.2858e-001	5.77372e-001
23.70000	 8.676	 6.197	3.7037	0.0907	0.1304	0.0390	1.3042e-001	1.3042e-001	5.86381e-001
23.71667	 8.763	 6.284	3.7000	0.0929	0.1322	0.0399	1.3227e-001	1.3227e-001	5.95410e-001
23.73333	 8.851	 6.373	3.6963	0.0951	0.1341	0.0408	1.3413e-001	1.3413e-001	6.04554e-001
23.75000	 8.938	 6.461	3.6926	0.0974	0.1359	0.0417	1.3598e-001	1.3598e-001	6.13622e-001
23.76667	 9.023	 6.547	3.6889	0.0997	0.1377	0.0426	1.3778e-001	1.3778e-001	6.22519e-001
23.78333	 9.110	 6.634	3.6853	0.1020	0.1396	0.0435	1.3963e-001	1.3963e-001	6.31626e-001
23.80000	 9.198	 6.723	3.6816	0.1044	0.1414	0.0445	1.4150e-001	1.4150e-001	6.40847e-001
23.81667	 9.283	 6.809	3.6779	0.1068	0.1432	0.0454	1.4330e-001	1.4330e-001	6.49802e-001
23.83333	 9.370	 6.896	3.6742	0.1092	0.1451	0.0464	1.4515e-001	1.4515e-001	6.58966e-001
23.85000	 9.457	 6.984	3.6706	0.1116	0.1469	0.0474	1.4699e-001	1.4699e-001	6.68149e-001
23.86667	 9.543	 7.071	3.6669	0.1141	0.1488	0.0484	1.4882e-001	1.4882e-001	6.77256e-001
23.88333	 9.631	 7.159	3.6633	0.1166	0.1506	0.0494	1.5069e-001	1.5069e-001	6.86573e-001
23.90000	 9.715	 7.244	3.6596	0.1192	0.1524	0.0504	1.5247e-001	1.5247e-001	6.95525e-001
23.91667	 9.804	 7.334	3.6560	0.1217	0.1543	0.0515	1.5436e-001	1.5436e-001	7.04975e-001
23.93333	 9.888	 7.419	3.6523	0.1243	0.1561	0.0525	1.5614e-001	1.5614e-001	7.13964e-001
23.95000	 9.973	 7.504	3.6487	0.1270	0.1579	0.0536	1.5794e-001	1.5794e-001	7.23066e-001
23.96667	10.057	 7.589	3.6450	0.1296	0.1597	0.0546	1.5973e-001	1.5973e-001	7.32090e-001
23.98333	10.142	 7.675	3.6414	0.1323	0.1615	0.0557	1.6153e-001	1.6153e-001	7.41228e-001
24.00000	10.223	 7.756	3.6378	0.1351	0.1632	0.0568	1.6325e-001	1.6325e-001	7.49997e-001
24.01667	10.304	 7.838	3.6342	0.1378	0.1649	0.0579	1.6497e-001	1.6497e-001	7.58783e-001
24.03333	10.387	 7.922	3.6305	0.1406	0.1667	0.0590	1.6673e-001	1.6673e-001	7.67779e-001
24.05000	10.470	 8.006	3.6269	0.1434	0.1684	0.0601	1.6849e-001	1.6849e-001	7.76791e-001
24.06667	10.551	 8.087	3.6233	0.1462	0.1701	0.0612	1.7021e-001	1.7021e-001	7.85626e-001
24.08333	10.631	 8.168	3.6197	0.1491	0.1718	0.0623	1.7191e-001	1.7191e-001	7.94380e-001
24.10000	10.713	 8.251	3.6161	0.1520	0.1736	0.0635	1.7365e-001	1.7365e-001	8.03345e-001
24.11667	10.791	 8.329	3.6125	0.1549	0.1752	0.0646	1.7531e-001	1.7531e-001	8.11935e-001
24.13333	10.870	 8.409	3.6089	0.1578	0.1769	0.0658	1.7699e-001	1.7699e-001	8.20638e-001
24.15000	10.948	 8.488	3.6053	0.1608	0.1786	0.0670	1.7864e-001	1.7864e-001	8.29258e-001
24.16667	11.027	 8.568	3.6017	0.1638	0.1802	0.0681	1.8032e-001	1.8032e-001	8.37991e-001
24.18333	11.105	 8.646	3.5982	0.1669	0.1819	0.0693	1.8198e-001	1.8198e-001	8.46640e-001
24.20000	11.183	 8.725	3.5946	0.1699	0.1836	0.0706	1.8363e-001	1.8363e-001	8.55304e-001
24.21667	11.260	 8.803	3.5910	0.1730	0.1852	0.0718	1.8527e-001	1.8527e-001	8.63883e-001
24.23333	11.334	 8.877	3.5874	0.1761	0.1868	0.0730	1.8684e-001	1.8684e-001	8.72182e-001
24.25000	11.408	 8.952	3.5839	0.1793	0.1883	0.0742	1.8841e-001	1.8841e-001	8.80494e-001
24.26667	11.481	 9.026	3.5803	0.1824	0.1899	0.0754	1.8997e-001	1.8997e-001	8.88720e-001
24.28333	11.553	 9.098	3.5768	0.1856	0.1914	0.0767	1.9150e-001	1.9150e-001	8.96860e-001
24.30000	11.627	 9.173	3.5732	0.1888	0.1930	0.0779	1.9307e-001	1.9307e-001	9.05209e-001
24.31667	11.698	 9.245	3.5697	0.1921	0.1945	0.0792	1.9458e-001	1.9458e-001	9.13274e-001
24.33333	11.766	 9.314	3.5661	0.1953	0.1959	0.0804	1.9602e-001	1.9602e-001	9.21054e-001
24.35000	11.835	 9.383	3.5626	0.1986	0.1974	0.0817	1.9749e-001	1.9749e-001	9.28943e-001
24.36667	11.903	 9.452	3.5590	0.2019	0.1988	0.0830	1.9894e-001	1.9894e-001	9.36744e-001
24.38333	11.973	 9.523	3.5555	0.2053	0.2003	0.0843	2.0043e-001	2.0043e-001	9.44754e-001
24.40000	12.038	 9.588	3.5520	0.2086	0.2017	0.0855	2.0181e-001	2.0181e-001	9.52278e-001
24.41667	12.106	 9.657	3.5484	0.2120	0.2032	0.0868	2.0325e-001	2.0325e-001	9.60110e-001
24.43333	12.172	 9.724	3.5449	0.2154	0.2046	0.0882	2.0466e-001	2.0466e-001	9.67752e-001
24.45000	12.233	 9.786	3.5414	0.2189	0.2059	0.0894	2.0596e-001	2.0596e-001	9.74905e-001
24.46667	12.297	 9.850	3.5379	0.2223	0.2072	0.0908	2.0732e-001	2.0732e-001	9.82366e-001
24.48333	12.358	 9.912	3.5344	0.2258	0.2085	0.0921	2.0862e-001	2.0862e-001	9.89535e-001
24.50000	12.421	 9.976	3.5308	0.2293	0.2099	0.0934	2.0996e-001	2.0996e-001	9.96912e-001
24.51667	12.481	10.036	3.5273	0.2328	0.2111	0.0947	2.1124e-001	2.1124e-001	1.00400e+000
24.53333	12.538	10.094	3.5238	0.2363	0.2124	0.0961	2.1245e-001	2.1245e-001	1.01079e+000
24.55000	12.594	10.151	3.5203	0.2399	0.2136	0.0974	2.1364e-001	2.1364e-001	1.01749e+000
24.56667	12.650	10.208	3.5168	0.2435	0.2147	0.0987	2.1484e-001	2.1484e-001	1.02419e+000
24.58333	12.704	10.262	3.5133	0.2471	0.2159	0.1001	2.1599e-001	2.1599e-001	1.03070e+000
24.60000	12.759	10.318	3.5099	0.2507	0.2171	0.1014	2.1716e-001	2.1716e-001	1.03732e+000
24.61667	12.812	10.372	3.5064	0.2543	0.2182	0.1028	2.1829e-001	2.1829e-001	1.04374e+000
24.63333	12.863	10.423	3.5029	0.2580	0.2193	0.1041	2.1938e-001	2.1938e-001	1.04996e+000
24.65000	12.914	10.475	3.4994	0.2617	0.2204	0.1055	2.2047e-001	2.2047e-001	1.05619e+000
24.66667	12.962	10.524	3.4959	0.2654	0.2214	0.1068	2.2149e-001	2.2149e-001	1.06212e+000
24.68333	13.011	10.574	3.4925	0.2691	0.2224	0.1082	2.2254e-001	2.2254e-001	1.06815e+000
24.70000	13.058	10.621	3.4890	0.2728	0.2234	0.1095	2.2354e-001	2.2354e-001	1.07399e+000
24.71667	13.103	10.667	3.4855	0.2765	0.2244	0.1109	2.2451e-001	2.2451e-001	1.07962e+000
24.73333	13.146	10.711	3.4821	0.2803	0.2253	0.1122	2.2543e-001	2.2543e-001	1.08506e+000
24.75000	13.190	10.755	3.4786	0.2841	0.2263	0.1136	2.2637e-001	2.2637e-001	1.09060e+000
24.76667	13.234	10.800	3.4751	0.2878	0.2272	0.1150	2.2731e-001	2.2731e-001	1.09614e+000
24.78333	13.275	10.842	3.4717	0.2916	0.2281	0.1163	2.2819e-001	2.2819e-001	1.10138e+000
24.80000	13.314	10.881	3.4682	0.2955	0.2289	0.1177	2.2902e-001	2.2902e-001	1.10642e+000
24.81667	13.349	10.917	3.4648	0.2993	0.2297	0.1190	2.2977e-001	2.2977e-001	1.11106e+000
24.83333	13.386	10.955	3.4614	0.3031	0.2305	0.1204	2.3057e-001	2.3057e-001	1.11589e+000
24.85000	13.422	10.992	3.4579	0.3070	0.2312	0.1217	2.3134e-001	2.3134e-001	1.12063e+000
24.86667	13.458	11.028	3.4545	0.3108	0.2320	0.1231	2.3211e-001	2.3211e-001	1.12537e+000
24.88333	13.489	11.060	3.4510	0.3147	0.2327	0.1245	2.3278e-001	2.3278e-001	1.12959e+000
24.90000	13.521	11.093	3.4476	0.3186	0.2334	0.1258	2.3347e-001	2.3347e-001	1.13392e+000
24.91667	13.551	11.123	3.4442	0.3225	0.2340	0.1272	2.3411e-001	2.3411e-001	1.13804e+000
24.93333	13.580	11.153	3.4408	0.3264	0.2346	0.1285	2.3474e-001	2.3474e-001	1.14206e+000
24.95000	13.612	11.186	3.4373	0.3303	0.2353	0.1299	2.3543e-001	2.3543e-001	1.14639e+000
24.96667	13.638	11.213	3.4339	0.3343	0.2359	0.1313	2.3599e-001	2.3599e-001	1.15010e+000
24.98333	13.665	11.240	3.4305	0.3382	0.2365	0.1326	2.3657e-001	2.3657e-001	1.15391e+000
25.00000	13.689	11.265	3.4271	0.3422	0.2370	0.1340	2.3709e-001	2.3709e-001	1.15741e+000
25.01667	13.712	11.289	3.4237	0.3461	0.2375	0.1353	2.3759e-001	2.3759e-001	1.16081e+000
25.03333	13.735	11.312	3.4203	0.3501	0.2380	0.1366	2.3809e-001	2.3809e-001	1.16420e+000
25.05000	13.755	11.333	3.4169	0.3541	0.2384	0.1380	2.3853e-001	2.3853e-001	1.16729e+000
25.06667	13.774	11.353	3.4135	0.3580	0.2388	0.1393	2.3894e-001	2.3894e-001	1.17026e+000
25.08333	13.793	11.373	3.4101	0.3620	0.2393	0.1406	2.3936e-001	2.3936e-001	1.17324e+000
25.10000	13.811	11.391	3.4067	0.3660	0.2396	0.1420	2.3975e-001	2.3975e-001	1.17611e+000
25.11667	13.826	11.407	3.4033	0.3700	0.2400	0.1433	2.4008e-001	2.4008e-001	1.17866e+000
25.13333	13.843	11.425	3.3999	0.3740	0.2403	0.1446	2.4045e-001	2.4045e-001	1.18142e+000
25.15000	13.856	11.438	3.3965	0.3780	0.2406	0.1459	2.4074e-001	2.4074e-001	1.18376e+000
25.16667	13.867	11.450	3.3931	0.3821	0.2409	0.1472	2.4099e-001	2.4099e-001	1.18589e+000
25.18333	13.879	11.463	3.3897	0.3861	0.2412	0.1486	2.4126e-001	2.4126e-001	1.18812e+000
25.20000	13.888	11.473	3.3863	0.3901	0.2414	0.1498	2.4146e-001	2.4146e-001	1.19003e+000
25.21667	13.897	11.482	3.3830	0.3941	0.2416	0.1511	2.4167e-001	2.4167e-001	1.19194e+000
25.23333	13.905	11.491	3.3796	0.3982	0.2417	0.1524	2.4185e-001	2.4185e-001	1.19375e+000
25.25000	13.912	11.499	3.3762	0.4022	0.2419	0.1537	2.4201e-001	2.4201e-001	1.19544e+000
25.26667	13.916	11.503	3.3728	0.4062	0.2420	0.1550	2.4211e-001	2.4211e-001	1.19681e+000
25.28333	13.920	11.508	3.3695	0.4103	0.2421	0.1563	2.4221e-001	2.4221e-001	1.19818e+000
25.30000	13.922	11.511	3.3661	0.4143	0.2422	0.1575	2.4227e-001	2.4227e-001	1.19934e+000
25.31667	13.926	11.515	3.3627	0.4183	0.2423	0.1588	2.4237e-001	2.4237e-001	1.20070e+000
25.33333	13.929	11.519	3.3594	0.4224	0.2423	0.1601	2.4244e-001	2.4244e-001	1.20298e+000
25.35000	13.930	11.521	3.3560	0.4264	0.2424	0.1614	2.4248e-001	2.4248e-001	1.20298e+000
25.36667	13.930	11.522	3.3527	0.4304	0.2424	0.1626	2.4249e-001	2.4249e-001	1.20391e+000
25.38333	13.929	11.521	3.3493	0.4345	0.2424	0.1639	2.4249e-001	2.4249e-001	1.20472e+000
25.40000	13.924	11.517	3.3460	0.4385	0.2423	0.1651	2.4240e-001	2.4240e-001	1.20511e+000
25.41667	13.920	11.514	3.3426	0.4426	0.2422	0.1663	2.4233e-001	2.4233e-001	1.20560e+000
25.43333	13.915	11.509	3.3393	0.4466	0.2421	0.1675	2.4224e-001	2.4224e-001	1.20598e+000
25.45000	13.908	11.503	3.3359	0.4506	0.2420	0.1687	2.4211e-001	2.4211e-001	1.20614e+000
25.46667	13.900	11.496	3.3326	0.4547	0.2418	0.1699	2.4195e-001	2.4195e-001	1.20618e+000
25.48333	13.893	11.490	3.3293	0.4587	0.2417	0.1711	2.4182e-001	2.4182e-001	1.20633e+000
25.50000	13.883	11.480	3.3259	0.4627	0.2415	0.1723	2.4162e-001	2.4162e-001	1.20616e+000
25.51667	13.871	11.469	3.3226	0.4667	0.2413	0.1735	2.4139e-001	2.4139e-001	1.20576e+000
25.53333	13.860	11.459	3.3193	0.4708	0.2411	0.1747	2.4117e-001	2.4117e-001	1.20547e+000
25.55000	13.847	11.446	3.3159	0.4748	0.2408	0.1758	2.4091e-001	2.4091e-001	1.20495e+000
25.56667	13.833	11.433	3.3126	0.4788	0.2405	0.1770	2.4063e-001	2.4063e-001	1.20433e+000
25.58333	13.817	11.418	3.3093	0.4828	0.2402	0.1781	2.4031e-001	2.4031e-001	1.20348e+000
25.60000	13.800	11.402	3.3059	0.4868	0.2399	0.1792	2.3997e-001	2.3997e-001	1.20252e+000
25.61667	13.785	11.387	3.3026	0.4908	0.2396	0.1803	2.3967e-001	2.3967e-001	1.20177e+000
25.63333	13.766	11.369	3.2993	0.4948	0.2392	0.1814	2.3928e-001	2.3928e-001	1.20058e+000
25.65000	13.749	11.353	3.2960	0.4987	0.2388	0.1826	2.3894e-001	2.3894e-001	1.19960e+000
25.66667	13.729	11.333	3.2927	0.5027	0.2384	0.1837	2.3853e-001	2.3853e-001	1.19829e+000
25.68333	13.707	11.312	3.2894	0.5067	0.2380	0.1847	2.3808e-001	2.3808e-001	1.19544e+000
25.70000	13.687	11.293	3.2860	0.5106	0.2376	0.1858	2.3768e-001	2.3768e-001	1.19544e+000
25.71667	13.666	11.272	3.2827	0.5146	0.2371	0.1869	2.3725e-001	2.3725e-001	1.19400e+000
25.73333	13.644	11.251	3.2794	0.5185	0.2367	0.1880	2.3680e-001	2.3680e-001	1.19244e+000
25.75000	13.618	11.226	3.2761	0.5225	0.2362	0.1890	2.3627e-001	2.3627e-001	1.19045e+000
25.76667	13.591	11.200	3.2728	0.5264	0.2356	0.1900	2.3572e-001	2.3572e-001	1.18835e+000
25.78333	13.565	11.174	3.2695	0.5303	0.2351	0.1910	2.3519e-001	2.3519e-001	1.18634e+000
25.80000	13.540	11.150	3.2662	0.5342	0.2346	0.1920	2.3467e-001	2.3467e-001	1.18443e+000
25.81667	13.514	11.125	3.2629	0.5381	0.2340	0.1931	2.3414e-001	2.3414e-001	1.18241e+000
25.83333	13.487	11.098	3.2596	0.5420	0.2335	0.1941	2.3359e-001	2.3359e-001	1.18027e+000
25.85000	13.458	11.070	3.2563	0.5459	0.2329	0.1951	2.3299e-001	2.3299e-001	1.17790e+000
25.86667	13.427	11.040	3.2530	0.5498	0.2323	0.1960	2.3236e-001	2.3236e-001	1.17532e+000
25.88333	13.397	11.011	3.2497	0.5536	0.2316	0.1970	2.3174e-001	2.3174e-001	1.17283e+000
25.90000	13.366	10.980	3.2465	0.5575	0.2310	0.1979	2.3110e-001	2.3110e-001	1.17022e+000
25.91667	13.332	10.947	3.2432	0.5613	0.2303	0.1988	2.3040e-001	2.3040e-001	1.16729e+000
25.93333	13.299	10.915	3.2399	0.5651	0.2296	0.1997	2.2972e-001	2.2972e-001	1.16445e+000
25.95000	13.265	10.881	3.2366	0.5690	0.2289	0.2006	2.2902e-001	2.2902e-001	1.16149e+000
25.96667	13.232	10.849	3.2333	0.5728	0.2282	0.2016	2.2834e-001	2.2834e-001	1.15863e+000
25.98333	13.197	10.815	3.2300	0.5766	0.2275	0.2024	2.2762e-001	2.2762e-001	1.15235e+000
26.00000	13.161	10.780	3.2268	0.5803	0.2268	0.2033	2.2688e-001	2.2688e-001	1.15235e+000
26.01667	13.123	10.742	3.2235	0.5841	0.2260	0.2041	2.2609e-001	2.2609e-001	1.14892e+000
26.03333	13.086	10.706	3.2202	0.5879	0.2252	0.2050	2.2533e-001	2.2533e-001	1.14559e+000
26.05000	13.051	10.672	3.2169	0.5916	0.2245	0.2059	2.2461e-001	2.2461e-001	1.14247e+000
26.06667	13.013	10.634	3.2136	0.5953	0.2237	0.2067	2.2382e-001	2.2382e-001	1.13901e+000
26.08333	12.976	10.598	3.2104	0.5990	0.2230	0.2076	2.2306e-001	2.2306e-001	1.13565e+000
26.10000	12.933	10.556	3.2071	0.6027	0.2221	0.2083	2.2217e-001	2.2217e-001	1.13163e+000
26.11667	12.892	10.516	3.2038	0.6064	0.2212	0.2091	2.2132e-001	2.2132e-001	1.12782e+000
26.13333	12.850	10.474	3.2006	0.6101	0.2204	0.2098	2.2045e-001	2.2045e-001	1.12389e+000
26.15000	12.809	10.434	3.1973	0.6138	0.2195	0.2106	2.1960e-001	2.1960e-001	1.12006e+000
26.16667	12.765	10.391	3.1940	0.6174	0.2186	0.2113	2.1869e-001	2.1869e-001	1.11589e+000
26.18333	12.724	10.350	3.1908	0.6210	0.2177	0.2121	2.1784e-001	2.1784e-001	1.11203e+000
26.20000	12.678	10.305	3.1875	0.6246	0.2168	0.2127	2.1689e-001	2.1689e-001	1.10763e+000
26.21667	12.634	10.262	3.1843	0.6282	0.2159	0.2134	2.1598e-001	2.1598e-001	1.10343e+000
26.23333	12.591	10.219	3.1810	0.6318	0.2150	0.2142	2.1509e-001	2.1509e-001	1.09489e+000
26.25000	12.545	10.174	3.1777	0.6354	0.2140	0.2148	2.1414e-001	2.1414e-001	1.09489e+000
26.26667	12.500	10.130	3.1745	0.6389	0.2131	0.2155	2.1320e-001	2.1320e-001	1.09054e+000
26.28333	12.456	10.087	3.1712	0.6425	0.2122	0.2162	2.1229e-001	2.1229e-001	1.08630e+000
26.30000	12.408	10.039	3.1680	0.6460	0.2112	0.2168	2.1130e-001	2.1130e-001	1.08161e+000
26.31667	12.358	 9.990	3.1647	0.6495	0.2102	0.2174	2.1026e-001	2.1026e-001	1.07670e+000
26.33333	12.313	 9.946	3.1615	0.6530	0.2092	0.2180	2.0933e-001	2.0933e-001	1.07231e+000
26.35000	12.264	 9.897	3.1582	0.6565	0.2082	0.2186	2.0831e-001	2.0831e-001	1.06748e+000
26.36667	12.216	 9.850	3.1550	0.6599	0.2072	0.2192	2.0732e-001	2.0732e-001	1.06275e+000
26.38333	12.169	 9.804	3.1517	0.6633	0.2063	0.2198	2.0634e-001	2.0634e-001	1.05812e+000
26.40000	12.121	 9.757	3.1485	0.6668	0.2053	0.2204	2.0535e-001	2.0535e-001	1.05336e+000
26.41667	12.071	 9.707	3.1452	0.6702	0.2042	0.2209	2.0431e-001	2.0431e-001	1.04838e+000
26.43333	12.023	 9.660	3.1420	0.6736	0.2032	0.2215	2.0331e-001	2.0331e-001	1.04360e+000
26.45000	11.975	 9.613	3.1387	0.6769	0.2022	0.2220	2.0232e-001	2.0232e-001	1.03882e+000
26.46667	11.927	 9.565	3.1355	0.6803	0.2012	0.2226	2.0132e-001	2.0132e-001	1.02899e+000
26.48333	11.877	 9.516	3.1322	0.6836	0.2002	0.2231	2.0029e-001	2.0029e-001	1.02899e+000
26.50000	11.825	 9.465	3.1290	0.6869	0.1991	0.2236	1.9921e-001	1.9921e-001	1.02374e+000
26.51667	11.777	 9.418	3.1258	0.6902	0.1981	0.2241	1.9821e-001	1.9821e-001	1.01891e+000
26.53333	11.728	 9.369	3.1225	0.6935	0.1971	0.2247	1.9719e-001	1.9719e-001	1.01396e+000
26.55000	11.674	 9.316	3.1193	0.6968	0.1960	0.2250	1.9607e-001	1.9607e-001	1.00846e+000
26.56667	11.625	 9.268	3.1160	0.7000	0.1950	0.2256	1.9506e-001	1.9506e-001	1.00349e+000
26.58333	11.573	 9.216	3.1128	0.7033	0.1939	0.2260	1.9398e-001	1.9398e-001	9.98189e-001
26.60000	11.522	 9.166	3.1096	0.7065	0.1928	0.2264	1.9292e-001	1.9292e-001	9.92983e-001
26.61667	11.470	 9.115	3.1063	0.7097	0.1918	0.2268	1.9184e-001	1.9184e-001	9.87658e-001
26.63333	11.418	 9.063	3.1031	0.7129	0.1907	0.2273	1.9076e-001	1.9076e-001	9.82323e-001
26.65000	11.367	 9.013	3.0999	0.7160	0.1896	0.2277	1.8970e-001	1.8970e-001	9.77087e-001
26.66667	11.315	 8.962	3.0966	0.7192	0.1885	0.2281	1.8862e-001	1.8862e-001	9.71732e-001
26.68333	11.260	 8.908	3.0934	0.7223	0.1874	0.2284	1.8748e-001	1.8748e-001	9.66043e-001
26.70000	11.208	 8.856	3.0902	0.7254	0.1863	0.2288	1.8640e-001	1.8640e-001	9.55285e-001
26.71667	11.156	 8.805	3.0869	0.7285	0.1852	0.2292	1.8532e-001	1.8532e-001	9.55285e-001
26.73333	11.103	 8.753	3.0837	0.7315	0.1841	0.2295	1.8422e-001	1.8422e-001	9.49784e-001
26.75000	11.052	 8.702	3.0805	0.7346	0.1831	0.2299	1.8316e-001	1.8316e-001	9.44491e-001
26.76667	11.001	 8.652	3.0772	0.7376	0.1820	0.2303	1.8210e-001	1.8210e-001	9.39189e-001
26.78333	10.948	 8.600	3.0740	0.7406	0.1809	0.2306	1.8100e-001	1.8100e-001	9.33661e-001
26.80000	10.898	 8.551	3.0708	0.7436	0.1799	0.2310	1.7996e-001	1.7996e-001	9.28450e-001
26.81667	10.846	 8.499	3.0675	0.7466	0.1788	0.2313	1.7888e-001	1.7888e-001	9.23014e-001
26.83333	10.795	 8.449	3.0643	0.7496	0.1777	0.2316	1.7783e-001	1.7783e-001	9.17677e-001
26.85000	10.744	 8.399	3.0611	0.7525	0.1767	0.2320	1.7677e-001	1.7677e-001	9.12333e-001
26.86667	10.693	 8.348	3.0579	0.7555	0.1756	0.2323	1.7571e-001	1.7571e-001	9.06980e-001
26.88333	10.640	 8.296	3.0546	0.7584	0.1745	0.2326	1.7461e-001	1.7461e-001	9.01403e-001
26.90000	10.587	 8.244	3.0514	0.7613	0.1734	0.2328	1.7351e-001	1.7351e-001	8.95817e-001
26.91667	10.535	 8.193	3.0482	0.7641	0.1724	0.2331	1.7243e-001	1.7243e-001	8.84949e-001
26.93333	10.484	 8.142	3.0450	0.7670	0.1713	0.2334	1.7137e-001	1.7137e-001	8.84949e-001
26.95000	10.429	 8.088	3.0417	0.7698	0.1702	0.2336	1.7023e-001	1.7023e-001	8.79124e-001
26.96667	10.377	 8.037	3.0385	0.7726	0.1691	0.2338	1.6915e-001	1.6915e-001	8.73618e-001
26.98333	10.326	 7.986	3.0353	0.7754	0.1680	0.2341	1.6809e-001	1.6809e-001	8.68214e-001
27.00000	10.274	 7.935	3.0321	0.7782	0.1669	0.2343	1.6701e-001	1.6701e-001	8.62694e-001
27.01667	10.220	 7.882	3.0288	0.7810	0.1658	0.2345	1.6589e-001	1.6589e-001	8.56950e-001
27.03333	10.168	 7.831	3.0256	0.7837	0.1647	0.2347	1.6481e-001	1.6481e-001	8.51417e-001
27.05000	10.117	 7.780	3.0224	0.7865	0.1637	0.2349	1.6375e-001	1.6375e-001	8.45986e-001
27.06667	10.067	 7.731	3.0192	0.7892	0.1626	0.2352	1.6271e-001	1.6271e-001	8.40659e-001
27.08333	10.015	 7.680	3.0159	0.7919	0.1616	0.2354	1.6163e-001	1.6163e-001	8.35108e-001
27.10000	 9.963	 7.628	3.0127	0.7945	0.1605	0.2355	1.6055e-001	1.6055e-001	8.29551e-001
27.11667	 9.912	 7.578	3.0095	0.7972	0.1594	0.2357	1.5950e-001	1.5950e-001	8.18529e-001
27.13333	 9.860	 7.527	3.0063	0.7998	0.1583	0.2359	1.5842e-001	1.5842e-001	8.18529e-001
27.15000	 9.806	 7.473	3.0031	0.8025	0.1572	0.2359	1.5729e-001	1.5729e-001	8.12739e-001
27.16667	 9.755	 7.423	2.9998	0.8051	0.1562	0.2361	1.5624e-001	1.5624e-001	8.07269e-001
27.18333	 9.701	 7.370	2.9966	0.8076	0.1550	0.2361	1.5511e-001	1.5511e-001	8.01468e-001
27.20000	 9.647	 7.317	2.9934	0.8102	0.1539	0.2362	1.5399e-001	1.5399e-001	7.95663e-001
27.21667	 9.595	 7.265	2.9902	0.8128	0.1528	0.2363	1.5291e-001	1.5291e-001	7.90071e-001
27.23333	 9.541	 7.212	2.9869	0.8153	0.1517	0.2363	1.5179e-001	1.5179e-001	7.84256e-001
27.25000	 9.488	 7.160	2.9837	0.8178	0.1506	0.2363	1.5069e-001	1.5069e-001	7.78546e-001
27.26667	 9.436	 7.108	2.9805	0.8203	0.1495	0.2364	1.4961e-001	1.4961e-001	7.72941e-001
27.28333	 9.388	 7.061	2.9773	0.8228	0.1486	0.2365	1.4862e-001	1.4862e-001	7.67766e-001
27.30000	 9.338	 7.012	2.9741	0.8252	0.1475	0.2366	1.4758e-001	1.4758e-001	7.62371e-001
27.31667	 9.287	 6.962	2.9708	0.8277	0.1465	0.2367	1.4652e-001	1.4652e-001	7.56862e-001
27.33333	 9.235	 6.910	2.9676	0.8301	0.1454	0.2367	1.4544e-001	1.4544e-001	7.46270e-001
27.35000	 9.189	 6.865	2.9644	0.8325	0.1444	0.2369	1.4449e-001	1.4449e-001	7.46270e-001
27.36667	 9.141	 6.818	2.9612	0.8349	0.1434	0.2370	1.4349e-001	1.4349e-001	7.41077e-001
27.38333	 9.092	 6.769	2.9579	0.8373	0.1424	0.2371	1.4248e-001	1.4248e-001	7.35773e-001
27.40000	 9.045	 6.723	2.9547	0.8396	0.1414	0.2372	1.4150e-001	1.4150e-001	7.30682e-001
27.41667	 8.995	 6.674	2.9515	0.8420	0.1404	0.2373	1.4046e-001	1.4046e-001	7.25263e-001
27.43333	 8.944	 6.624	2.9483	0.8443	0.1393	0.2372	1.3941e-001	1.3941e-001	7.19732e-001
27.45000	 8.896	 6.576	2.9450	0.8466	0.1383	0.2373	1.3841e-001	1.3841e-001	7.14524e-001
27.46667	 8.847	 6.528	2.9418	0.8489	0.1373	0.2373	1.3739e-001	1.3739e-001	7.09205e-001
27.48333	 8.796	 6.478	2.9386	0.8511	0.1363	0.2372	1.3634e-001	1.3634e-001	7.03666e-001
27.50000	 8.746	 6.428	2.9354	0.8534	0.1352	0.2372	1.3530e-001	1.3530e-001	6.98233e-001
27.51667	 8.693	 6.376	2.9321	0.8556	0.1341	0.2370	1.3420e-001	1.3420e-001	6.92472e-001
27.53333	 8.643	 6.327	2.9289	0.8578	0.1331	0.2369	1.3316e-001	1.3316e-001	6.87035e-001
27.55000	 8.593	 6.277	2.9257	0.8600	0.1321	0.2368	1.3212e-001	1.3212e-001	6.75828e-001
27.56667	 8.540	 6.225	2.9225	0.8622	0.1310	0.2366	1.3102e-001	1.3102e-001	6.75828e-001
27.58333	 8.495	 6.181	2.9192	0.8644	0.1300	0.2367	1.3009e-001	1.3009e-001	6.70927e-001
27.60000	 8.444	 6.131	2.9160	0.8665	0.1290	0.2365	1.2903e-001	1.2903e-001	6.65373e-001
27.61667	 8.396	 6.083	2.9128	0.8687	0.1280	0.2364	1.2804e-001	1.2804e-001	6.60142e-001
27.63333	 8.352	 6.040	2.9095	0.8708	0.1271	0.2365	1.2712e-001	1.2712e-001	6.55343e-001
27.65000	 8.305	 5.994	2.9063	0.8729	0.1261	0.2364	1.2615e-001	1.2615e-001	6.50217e-001
27.66667	 8.259	 5.948	2.9031	0.8750	0.1251	0.2364	1.2520e-001	1.2520e-001	6.45198e-001
27.68333	 8.211	 5.901	2.8998	0.8771	0.1241	0.2363	1.2420e-001	1.2420e-001	6.39960e-001
27.70000	 8.167	 5.858	2.8966	0.8791	0.1232	0.2363	1.2329e-001	1.2329e-001	6.35153e-001
27.71667	 8.121	 5.813	2.8934	0.8811	0.1223	0.2362	1.2234e-001	1.2234e-001	6.30128e-001
27.73333	 8.076	 5.768	2.8901	0.8832	0.1214	0.2362	1.2141e-001	1.2141e-001	6.25210e-001
27.75000	 8.031	 5.724	2.8869	0.8852	0.1204	0.2361	1.2047e-001	1.2047e-001	6.20290e-001
27.76667	 7.986	 5.680	2.8837	0.8872	0.1195	0.2360	1.1954e-001	1.1954e-001	6.10661e-001
27.78333	 7.943	 5.637	2.8804	0.8891	0.1186	0.2360	1.1865e-001	1.1865e-001	6.10661e-001
27.80000	 7.899	 5.594	2.8772	0.8911	0.1177	0.2360	1.1774e-001	1.1774e-001	6.05844e-001
27.81667	 7.850	 5.546	2.8740	0.8931	0.1167	0.2357	1.1672e-001	1.1672e-001	6.00484e-001
27.83333	 7.803	 5.500	2.8707	0.8950	0.1157	0.2355	1.1575e-001	1.1575e-001	5.95339e-001
27.85000	 7.758	 5.455	2.8675	0.8969	0.1148	0.2353	1.1482e-001	1.1482e-001	5.90409e-001
27.86667	 7.710	 5.408	2.8642	0.8988	0.1138	0.2350	1.1382e-001	1.1382e-001	5.85152e-001
27.88333	 7.664	 5.363	2.8610	0.9007	0.1128	0.2348	1.1287e-001	1.1287e-001	5.80111e-001
27.90000	 7.618	 5.317	2.8578	0.9025	0.1119	0.2346	1.1191e-001	1.1191e-001	5.75068e-001
27.91667	 7.574	 5.274	2.8545	0.9044	0.1110	0.2344	1.1100e-001	1.1100e-001	5.70239e-001
27.93333	 7.529	 5.230	2.8513	0.9062	0.1100	0.2342	1.1007e-001	1.1007e-001	5.65301e-001
27.95000	 7.485	 5.187	2.8480	0.9080	0.1091	0.2340	1.0916e-001	1.0916e-001	5.60469e-001
27.96667	 7.442	 5.144	2.8448	0.9098	0.1082	0.2338	1.0827e-001	1.0827e-001	5.55743e-001
27.98333	 7.397	 5.100	2.8415	0.9116	0.1073	0.2335	1.0734e-001	1.0734e-001	5.50800e-001
28.00000	 7.359	 5.063	2.8383	0.9134	0.1065	0.2336	1.0655e-001	1.0655e-001	5.41880e-001
28.01667	 7.316	 5.020	2.8350	0.9152	0.1056	0.2333	1.0566e-001	1.0566e-001	5.41880e-001
28.03333	 7.274	 4.979	2.8318	0.9169	0.1047	0.2332	1.0479e-001	1.0479e-001	5.37256e-001
28.05000	 7.235	 4.941	2.8285	0.9186	0.1039	0.2331	1.0399e-001	1.0399e-001	5.32953e-001
28.06667	 7.197	 4.903	2.8253	0.9204	0.1032	0.2331	1.0320e-001	1.0320e-001	5.28756e-001
28.08333	 7.158	 4.865	2.8220	0.9221	0.1024	0.2330	1.0240e-001	1.0240e-001	5.24450e-001
28.10000	 7.122	 4.830	2.8188	0.9238	0.1016	0.2331	1.0165e-001	1.0165e-001	5.20464e-001
28.11667	 7.084	 4.793	2.8155	0.9254	0.1008	0.2330	1.0087e-001	1.0087e-001	5.16261e-001
28.13333	 7.048	 4.757	2.8123	0.9271	0.1001	0.2330	1.0013e-001	1.0013e-001	5.12272e-001
28.15000	 7.014	 4.724	2.8090	0.9288	0.0994	0.2331	9.9426e-002	9.9426e-002	5.08495e-001
28.16667	 6.978	 4.689	2.8058	0.9304	0.0986	0.2331	9.8684e-002	9.8684e-002	5.04502e-001
28.18333	 6.944	 4.655	2.8025	0.9320	0.0979	0.2332	9.7983e-002	9.7983e-002	5.00721e-001
28.20000	 6.907	 4.619	2.7992	0.9337	0.0972	0.2332	9.7219e-002	9.7219e-002	4.96615e-001
28.21667	 6.872	 4.585	2.7960	0.9353	0.0965	0.2332	9.6498e-002	9.6498e-002	4.92722e-001
28.23333	 6.836	 4.550	2.7927	0.9369	0.0957	0.2331	9.5755e-002	9.5755e-002	4.84716e-001
28.25000	 6.800	 4.514	2.7894	0.9384	0.0950	0.2331	9.5012e-002	9.5012e-002	4.84716e-001
28.26667	 6.766	 4.481	2.7862	0.9400	0.0943	0.2331	9.4311e-002	9.4311e-002	4.80925e-001
28.28333	 6.729	 4.445	2.7829	0.9416	0.0935	0.2329	9.3547e-002	9.3547e-002	4.76811e-001
28.30000	 6.693	 4.409	2.7796	0.9431	0.0928	0.2328	9.2805e-002	9.2805e-002	4.72801e-001
28.31667	 6.656	 4.373	2.7764	0.9447	0.0920	0.2327	9.2041e-002	9.2041e-002	4.68684e-001
28.33333	 6.618	 4.336	2.7731	0.9462	0.0912	0.2324	9.1256e-002	9.1256e-002	4.64457e-001
28.35000	 6.581	 4.300	2.7698	0.9477	0.0905	0.2322	9.0492e-002	9.0492e-002	4.60337e-001
28.36667	 6.541	 4.260	2.7665	0.9492	0.0896	0.2318	8.9665e-002	8.9665e-002	4.55895e-001
28.38333	 6.501	 4.221	2.7633	0.9507	0.0888	0.2315	8.8838e-002	8.8838e-002	4.51452e-001
28.40000	 6.460	 4.181	2.7600	0.9521	0.0880	0.2310	8.7990e-002	8.7990e-002	4.46903e-001
28.41667	 6.419	 4.140	2.7567	0.9536	0.0871	0.2305	8.7142e-002	8.7142e-002	4.42353e-001
28.43333	 6.377	 4.099	2.7534	0.9550	0.0862	0.2299	8.6273e-002	8.6273e-002	4.37696e-001
28.45000	 6.334	 4.057	2.7501	0.9564	0.0853	0.2293	8.5383e-002	8.5383e-002	4.32934e-001
28.46667	 6.289	 4.012	2.7469	0.9578	0.0844	0.2285	8.4451e-002	8.4451e-002	4.27959e-001
28.48333	 6.248	 3.972	2.7436	0.9592	0.0836	0.2279	8.3603e-002	8.3603e-002	4.23413e-001
28.50000	 6.201	 3.926	2.7403	0.9606	0.0826	0.2270	8.2629e-002	8.2629e-002	4.13153e-001
28.51667	 6.155	 3.881	2.7370	0.9620	0.0816	0.2261	8.1675e-002	8.1675e-002	4.13153e-001
28.53333	 6.112	 3.838	2.7337	0.9633	0.0807	0.2253	8.0785e-002	8.0785e-002	4.08399e-001
28.55000	 6.068	 3.795	2.7304	0.9646	0.0798	0.2245	7.9874e-002	7.9874e-002	4.03541e-001
28.56667	 6.025	 3.753	2.7271	0.9660	0.0789	0.2236	7.8984e-002	7.8984e-002	3.98794e-001
28.58333	 5.981	 3.709	2.7238	0.9673	0.0780	0.2227	7.8073e-002	7.8073e-002	3.93943e-001
28.60000	 5.940	 3.669	2.7205	0.9685	0.0772	0.2220	7.7225e-002	7.7225e-002	3.89415e-001
28.61667	 5.900	 3.630	2.7172	0.9698	0.0764	0.2213	7.6398e-002	7.6398e-002	3.84996e-001
28.63333	 5.859	 3.590	2.7139	0.9711	0.0755	0.2205	7.5550e-002	7.5550e-002	3.80477e-001
28.65000	 5.824	 3.555	2.7106	0.9723	0.0748	0.2201	7.4828e-002	7.4828e-002	3.76597e-001
28.66667	 5.785	 3.517	2.7073	0.9736	0.0740	0.2194	7.4022e-002	7.4022e-002	3.72299e-001
28.68333	 5.749	 3.482	2.7040	0.9748	0.0732	0.2188	7.3280e-002	7.3280e-002	3.68324e-001
28.70000	 5.715	 3.448	2.7007	0.9760	0.0725	0.2184	7.2579e-002	7.2579e-002	3.64566e-001
28.71667	 5.681	 3.415	2.6974	0.9772	0.0718	0.2179	7.1878e-002	7.1878e-002	3.60814e-001
28.73333	 5.646	 3.381	2.6941	0.9784	0.0711	0.2174	7.1157e-002	7.1157e-002	3.56964e-001
28.75000	 5.615	 3.351	2.6907	0.9795	0.0705	0.2171	7.0519e-002	7.0519e-002	3.53543e-001
28.76667	 5.582	 3.318	2.6874	0.9807	0.0698	0.2167	6.9839e-002	6.9839e-002	3.49918e-001
28.78333	 5.546	 3.283	2.6841	0.9819	0.0691	0.2160	6.9097e-002	6.9097e-002	3.45986e-001
28.80000	 5.509	 3.247	2.6808	0.9830	0.0683	0.2153	6.8333e-002	6.8333e-002	3.41958e-001
28.81667	 5.471	 3.209	2.6775	0.9841	0.0675	0.2144	6.7548e-002	6.7548e-002	3.33198e-001
28.83333	 5.428	 3.167	2.6741	0.9852	0.0666	0.2132	6.6658e-002	6.6658e-002	3.33198e-001
28.85000	 5.375	 3.115	2.6708	0.9863	0.0655	0.2113	6.5557e-002	6.5557e-002	3.27521e-001
28.86667	 5.319	 3.060	2.6675	0.9874	0.0644	0.2092	6.4394e-002	6.4394e-002	3.21543e-001
28.88333	 5.256	 2.997	2.6641	0.9884	0.0631	0.2065	6.3083e-002	6.3083e-002	3.14846e-001
28.90000	 5.185	 2.927	2.6608	0.9895	0.0616	0.2032	6.1603e-002	6.1603e-002	3.07325e-001
28.91667	 5.102	 2.845	2.6575	0.9905	0.0598	0.1990	5.9871e-002	5.9871e-002	2.98562e-001
28.93333	 5.010	 2.753	2.6541	0.9914	0.0579	0.1941	5.7950e-002	5.7950e-002	2.88873e-001
28.95000	 4.905	 2.649	2.6508	0.9924	0.0557	0.1882	5.5755e-002	5.5755e-002	2.77841e-001
28.96667	 4.791	 2.536	2.6474	0.9933	0.0533	0.1815	5.3370e-002	5.3370e-002	2.65886e-001
28.98333	 4.664	 2.409	2.6441	0.9941	0.0507	0.1738	5.0712e-002	5.0712e-002	2.52589e-001
29.00000	 4.526	 2.272	2.6407	0.9949	0.0478	0.1652	4.7823e-002	4.7823e-002	2.38158e-001
29.01667	 4.376	 2.123	2.6374	0.9956	0.0447	0.1555	4.4681e-002	4.4681e-002	2.22490e-001
29.03333	 4.216	 1.964	2.6340	0.9963	0.0413	0.1450	4.1328e-002	4.1328e-002	2.05791e-001
29.05000	 4.049	 1.797	2.6307	0.9970	0.0378	0.1337	3.7828e-002	3.7828e-002	1.88374e-001
29.06667	 3.876	 1.625	2.6273	0.9975	0.0342	0.1219	3.4202e-002	3.4202e-002	1.70340e-001
29.08333	 3.696	 1.446	2.6240	0.9980	0.0304	0.1093	3.0428e-002	3.0428e-002	1.51582e-001
29.10000	 3.518	 1.268	2.6206	0.9985	0.0267	0.0966	2.6697e-002	2.6697e-002	1.33037e-001
29.11667	 3.339	 1.090	2.6172	0.9989	0.0229	0.0837	2.2945e-002	2.2945e-002	1.14388e-001
29.13333	 3.163	 0.915	2.6139	0.9992	0.0192	0.0708	1.9255e-002	1.9255e-002	9.60484e-002
29.15000	 2.992	 0.745	2.6105	0.9994	0.0157	0.0580	1.5671e-002	1.5671e-002	7.82233e-002
29.16667	 2.831	 0.584	2.6071	0.9997	0.0123	0.0459	1.2297e-002	1.2297e-002	6.14335e-002
29.18333	 2.683	 0.437	2.6037	0.9998	0.0092	0.0346	9.1974e-003	9.1974e-003	3.16823e-002
29.20000	 2.546	 0.301	2.6004	0.9999	0.0063	0.0240	6.3289e-003	6.3289e-003	2.80630e-002
29.21667	 2.426	 0.181	2.5970	1.0000	0.0038	0.0146	3.8182e-003	3.8182e-003	1.09474e-002
29.23333	 2.320	 0.076	2.5944	1.0000	0.0016	0.0062	1.6021e-003	1.6021e-003	1.09474e-002